{
    "info": {
        "num_points": 461,
        "clark_scale": 85,
        "T_FRANK_TDCR": [
            [
                1.1102230246251565e-16,
                1.1102230246251565e-16,
                -1.0,
                -0.015
            ],
            [
                -0.7071067811865475,
                0.7071067811865475,
                0.0,
                0.0
            ],
            [
                0.7071067811865475,
                0.7071067811865475,
                2.220446049250313e-16,
                -0.215
            ],
            [
                0.0,
                0.0,
                0.0,
                1.0
            ]
        ],
        "tdcr_config": {
            "tendon_distance_mm": 4.5,
            "clark_speed_scale": 0.0005,
            "angle_offset_rad_ccw": [
                0,
                0.5236,
                1.0472
            ],
            "fps": 30
        }
    },
    "raw_joint_trajectory": [
        {
            "step": 0,
            "franka_qpos": [
                -0.0021144373494967894,
                -1.610362633609943,
                -0.009228048708796788,
                -2.615547955948233,
                -0.007285328230156818,
                1.037327348010379,
                -0.011857366082259624
            ],
            "tendon_lengths": [
                0.0637956490788625,
                0.0637956490788625,
                0.0637956490788625,
                0.12779564907886248,
                0.12779564907886248,
                0.12779564907886248,
                0.19179564907886248,
                0.19179564907886248,
                0.19179564907886248
            ],
            "clark_coords": [
                0.0,
                -0.0,
                0.0,
                -0.0,
                0.0,
                -0.0
            ],
            "base_SE3": [
                [
                    0.9994794962254687,
                    -0.0026890194107718314,
                    0.03214818501084876,
                    -0.07189837671512218
                ],
                [
                    0.00288681531372535,
                    0.9999771802811228,
                    -0.00610779946945983,
                    0.017450845614685316
                ],
                [
                    -0.03213102740697392,
                    0.006197426209579689,
                    0.9994644510867553,
                    -2.299235619539454
                ],
                [
                    0.0,
                    0.0,
                    0.0,
                    1.0
                ]
            ]
        },
        {
            "step": 1,
            "franka_qpos": [
                -0.002028509513412935,
                -1.6158632050624373,
                -0.01615202038736685,
                -2.626152475105445,
                -0.01224562466612289,
                1.0403128197191593,
                -0.013818152668052974
            ],
            "tendon_lengths": [
                0.06388932600123372,
                0.06381662069129634,
                0.06368100054405743,
                0.1279332260631836,
                0.12767668362912166,
                0.12777703754428218,
                0.19176165476990484,
                0.1917289517251467,
                0.1918963407415359
            ],
            "clark_coords": [
                9.367692237122754e-05,
                7.830032851593065e-05,
                5.443789820488075e-05,
                -5.968861258358059e-05,
                -8.141727643917427e-05,
                -9.637253458066063e-05
            ],
            "base_SE3": [
                [
                    0.9995346868892699,
                    -0.005349053567483458,
                    0.030029940577741575,
                    -0.1106484976550513
                ],
                [
                    0.0055267668100857665,
                    0.99996768585359,
                    -0.005837987430974381,
                    0.03838987628220193
                ],
                [
                    -0.02999774247835046,
                    0.006001239417776375,
                    0.9995319507507774,
                    -2.2930223474697646
                ],
                [
                    0.0,
                    0.0,
                    0.0,
                    1.0
                ]
            ]
        },
        {
            "step": 2,
            "franka_qpos": [
                -0.0019269806467563377,
                -1.6212027151409403,
                -0.023107285463587424,
                -2.6369095244417773,
                -0.017552489877626698,
                1.0437235011054433,
                -0.01591161632317073
            ],
            "tendon_lengths": [
                0.06398300292360495,
                0.06383759230373019,
                0.06356635200925234,
                0.1280708030475047,
                0.12755771817938086,
                0.1277584260097019,
                0.19172766046094722,
                0.19166225437143092,
                0.19199703240420932
            ],
            "clark_coords": [
                0.00018735384474245507,
                0.0001566006570318613,
                0.0001088757964097615,
                -0.00011937722516716118,
                -0.00016283455287834854,
                -0.00019274506916132125
            ],
            "base_SE3": [
                [
                    0.9995779389948352,
                    -0.007715501221897463,
                    0.02800740822948686,
                    -0.14971278581795347
                ],
                [
                    0.007877384402401934,
                    0.9999528735355012,
                    -0.0056742861287904026,
                    0.05935307450260795
                ],
                [
                    -0.02796230837779713,
                    0.00589251635462195,
                    0.9995916103895612,
                    -2.2856414811085295
                ],
                [
                    0.0,
                    0.0,
                    0.0,
                    1.0
                ]
            ]
        },
        {
            "step": 3,
            "franka_qpos": [
                -0.0018198591893021643,
                -1.6263438604771254,
                -0.030079356841586247,
                -2.647790767783759,
                -0.023187771230682053,
                1.047563928224239,
                -0.01811856190050376
            ],
            "tendon_lengths": [
                0.06407667984597618,
                0.06385856391616404,
                0.06345170347444727,
                0.12820838003182583,
                0.12743875272964003,
                0.1277398144751216,
                0.19169366615198957,
                0.19159555701771516,
                0.19209772406688272
            ],
            "clark_coords": [
                0.00028103076711368256,
                0.0002349009855477919,
                0.00016331369461464228,
                -0.00017906583775074175,
                -0.00024425182931752277,
                -0.00028911760374198184
            ],
            "base_SE3": [
                [
                    0.9996120903122744,
                    -0.00978451191361737,
                    0.026075510122297797,
                    -0.18902628617179318
                ],
                [
                    0.009933735622992141,
                    0.9999349818497725,
                    -0.005599372256650935,
                    0.0803151786994511
                ],
                [
                    -0.02601902761630937,
                    0.005856227429696964,
                    0.9996442941377667,
                    -2.2770761948792786
                ],
                [
                    0.0,
                    0.0,
                    0.0,
                    1.0
                ]
            ]
        },
        {
            "step": 4,
            "franka_qpos": [
                -0.0017168817649135804,
                -1.6312494185742366,
                -0.037052808087307376,
                -2.65876791529848,
                -0.02913118948392146,
                1.051837990331248,
                -0.020418775168336456
            ],
            "tendon_lengths": [
                0.06417035676834741,
                0.06387953552859789,
                0.06333705493964219,
                0.12834595701614693,
                0.12731978727989923,
                0.1277212029405413,
                0.19165967184303195,
                0.19152885966399938,
                0.19219841572955612
            ],
            "clark_coords": [
                0.00037470768948491014,
                0.0003132013140637226,
                0.000217751592819523,
                -0.00023875445033432236,
                -0.0003256691057566971,
                -0.0003854901383226425
            ],
            "base_SE3": [
                [
                    0.9996396857666797,
                    -0.011553050304425534,
                    0.024228612609005863,
                    -0.22852207795644638
                ],
                [
                    0.01169186445578769,
                    0.9999159916390851,
                    -0.0055955312502678385,
                    0.10125073343140742
                ],
                [
                    -0.024161931748959035,
                    0.005876792755291661,
                    0.9996907843733832,
                    -2.2673136794328017
                ],
                [
                    0.0,
                    0.0,
                    0.0,
                    1.0
                ]
            ]
        },
        {
            "step": 5,
            "franka_qpos": [
                -0.0016273499285643922,
                -1.635881307290428,
                -0.04401116234244373,
                -2.6698121862110056,
                -0.03536034710173208,
                1.0565493149675165,
                -0.02279106046096313
            ],
            "tendon_lengths": [
                0.06426403369071863,
                0.06390050714103174,
                0.06322240640483712,
                0.12848353400046805,
                0.1272008218301584,
                0.127702591405961,
                0.1916256775340743,
                0.1914621623102836,
                0.19229910739222955
            ],
            "clark_coords": [
                0.0004683846118561376,
                0.0003915016425796532,
                0.0002721894910244038,
                -0.00029844306291790295,
                -0.00040708638219587133,
                -0.00048186267290330307
            ],
            "base_SE3": [
                [
                    0.9996629587716569,
                    -0.01301892975210099,
                    0.022460550483107043,
                    -0.2681316031571062
                ],
                [
                    0.013148811925458569,
                    0.9998976177319735,
                    -0.005644714241782686,
                    0.12213418822261221
                ],
                [
                    -0.022384762782823052,
                    0.005938141294405647,
                    0.9997317944694578,
                    -2.256345315470103
                ],
                [
                    0.0,
                    0.0,
                    0.0,
                    1.0
                ]
            ]
        },
        {
            "step": 6,
            "franka_qpos": [
                -0.0015599959194920743,
                -1.6402007276038948,
                -0.050936809477892364,
                -2.6808943828225558,
                -0.04185073710097775,
                1.0617011877383264,
                -0.025213258480296652
            ],
            "tendon_lengths": [
                0.06435771061308986,
                0.06392147875346559,
                0.06310775787003203,
                0.12862111098478915,
                0.1270818563804176,
                0.1276839798713807,
                0.1915916832251167,
                0.1913954649565678,
                0.19239979905490295
            ],
            "clark_coords": [
                0.0005620615342273651,
                0.0004698019710955838,
                0.00032662738922928456,
                -0.0003581316755014835,
                -0.0004885036586350455,
                -0.0005782352074839637
            ],
            "base_SE3": [
                [
                    0.999683816422406,
                    -0.014180841069560907,
                    0.02076465578075377,
                    -0.30778501609362147
                ],
                [
                    0.014302632376946438,
                    0.999881301912634,
                    -0.0057285942940613,
                    0.14293999646933664
                ],
                [
                    -0.020680954770591748,
                    0.00602377224468878,
                    0.9997679792220395,
                    -2.244166815456029
                ],
                [
                    0.0,
                    0.0,
                    0.0,
                    1.0
                ]
            ]
        },
        {
            "step": 7,
            "franka_qpos": [
                -0.0015228447394313172,
                -1.6441683265042115,
                -0.057810928990121635,
                -2.6919849636590447,
                -0.04857576619764359,
                1.0672964576194115,
                -0.027662262563629803
            ],
            "tendon_lengths": [
                0.06445138753546109,
                0.06394245036589945,
                0.06299310933522696,
                0.12875868796911027,
                0.12696289093067678,
                0.1276653683368004,
                0.19155768891615904,
                0.19132876760285206,
                0.19250049071757636
            ],
            "clark_coords": [
                0.0006557384565985926,
                0.0005481022996115144,
                0.0003810652874341653,
                -0.0004178202880850641,
                -0.0005699209350742198,
                -0.0006746077420646242
            ],
            "base_SE3": [
                [
                    0.9997038287877289,
                    -0.01503837628057161,
                    0.019133790685557667,
                    -0.3474115503825461
                ],
                [
                    0.015152405641394043,
                    0.9998682072086769,
                    -0.005828620470169861,
                    0.1636427127121654
                ],
                [
                    -0.01904361600204752,
                    0.006116817158504463,
                    0.9997999426072277,
                    -2.230778330772487
                ],
                [
                    0.0,
                    0.0,
                    0.0,
                    1.0
                ]
            ]
        },
        {
            "step": 8,
            "franka_qpos": [
                -0.0015230754354389475,
                -1.6477443808051706,
                -0.06461342172306939,
                -2.7030541153022156,
                -0.055506793176204106,
                1.073337426430438,
                -0.030114033300020715
            ],
            "tendon_lengths": [
                0.06454506445783231,
                0.0639634219783333,
                0.06287846080042188,
                0.12889626495343137,
                0.12684392548093598,
                0.1276467568022201,
                0.19152369460720142,
                0.19126207024913627,
                0.19260118238024979
            ],
            "clark_coords": [
                0.0007494153789698203,
                0.0006264026281274452,
                0.000435503185639046,
                -0.0004775089006686447,
                -0.0006513382115133942,
                -0.000770980276645285
            ],
            "base_SE3": [
                [
                    0.9997242224603026,
                    -0.015592047304689707,
                    0.017560384021765938,
                    -0.38693989920466193
                ],
                [
                    0.015698245415746218,
                    0.9998592134914644,
                    -0.0059260684350726164,
                    0.18421708662341074
                ],
                [
                    -0.01746551221724049,
                    0.006200101376467947,
                    0.9998282425626469,
                    -2.216184522372976
                ],
                [
                    0.0,
                    0.0,
                    0.0,
                    1.0
                ]
            ]
        },
        {
            "step": 9,
            "franka_qpos": [
                -0.0015668847169316713,
                -1.6508890024001643,
                -0.07132285397190552,
                -2.7140718225799194,
                -0.06261318358200052,
                1.07982572134107,
                -0.032543611917863036
            ],
            "tendon_lengths": [
                0.06463874138020355,
                0.06398439359076714,
                0.06276381226561681,
                0.1290338419377525,
                0.12672496003119516,
                0.1276281452676398,
                0.19148970029824378,
                0.1911953728954205,
                0.1927018740429232
            ],
            "clark_coords": [
                0.0008430923013410477,
                0.0007047029566433757,
                0.0004899410838439268,
                -0.0005371975132522253,
                -0.0007327554879525684,
                -0.0008673528112259455
            ],
            "base_SE3": [
                [
                    0.9997458784421304,
                    -0.01584329961899286,
                    0.016036470782447933,
                    -0.4262986045758842
                ],
                [
                    0.01594130429752693,
                    0.9998549143625924,
                    -0.006002086492791547,
                    0.20463815217510722
                ],
                [
                    -0.0159390512662182,
                    0.006256203493822936,
                    0.999853392534414,
                    -2.200394593553596
                ],
                [
                    0.0,
                    0.0,
                    0.0,
                    1.0
                ]
            ]
        },
        {
            "step": 10,
            "franka_qpos": [
                -0.0016593565134628285,
                -1.653562365117721,
                -0.07791641806716854,
                -2.7250079369164437,
                -0.06986238209923856,
                1.086762149576563,
                -0.03492513327387803
            ],
            "tendon_lengths": [
                0.06473241830257477,
                0.06400536520320099,
                0.06264916373081172,
                0.1291714189220736,
                0.12660599458145436,
                0.1276095337330595,
                0.19145570598928613,
                0.1911286755417047,
                0.1928025657055966
            ],
            "clark_coords": [
                0.0009367692237122752,
                0.0007830032851593064,
                0.0005443789820488076,
                -0.0005968861258358059,
                -0.0008141727643917427,
                -0.0009637253458066061
            ],
            "base_SE3": [
                [
                    0.9997693343607349,
                    -0.01579452104466398,
                    0.014553734120956452,
                    -0.46541645118049374
                ],
                [
                    0.015883776006304747,
                    0.9998556152770022,
                    -0.0060377362338721735,
                    0.22488131062623784
                ],
                [
                    -0.014456269632078958,
                    0.0062675117884166825,
                    0.9998758595767311,
                    -2.183422284032703
                ],
                [
                    0.0,
                    0.0,
                    0.0,
                    1.0
                ]
            ]
        },
        {
            "step": 11,
            "franka_qpos": [
                -0.001804341427371181,
                -1.6557249528648124,
                -0.08436991393467297,
                -2.7358322427733524,
                -0.07722000413553598,
                1.0941465349494583,
                -0.03723184003085089
            ],
            "tendon_lengths": [
                0.06482609522494599,
                0.06402633681563484,
                0.06253451519600665,
                0.12930899590639472,
                0.12648702913171353,
                0.1275909221984792,
                0.1914217116803285,
                0.19106197818798895,
                0.19290325736827002
            ],
            "clark_coords": [
                0.001030446146083503,
                0.0008613036136752371,
                0.0005988168802536884,
                -0.0006565747384193866,
                -0.0008955900408309169,
                -0.0010600978803872669
            ],
            "base_SE3": [
                [
                    0.9997947909339839,
                    -0.015449045884119095,
                    0.01310354923455321,
                    -0.5042228602846206
                ],
                [
                    0.015528895381616052,
                    0.999861332827609,
                    -0.0060140273049474335,
                    0.24492240620036568
                ],
                [
                    -0.013008821218650138,
                    0.0062162768172124155,
                    0.9998960588346341,
                    -2.165285825114059
                ],
                [
                    0.0,
                    0.0,
                    0.0,
                    1.0
                ]
            ]
        },
        {
            "step": 12,
            "franka_qpos": [
                -0.002004350256831877,
                -1.6573378281479687,
                -0.09065775649279173,
                -2.7465145222316947,
                -0.08464994836819528,
                1.1019775364190423,
                -0.039436100250778594
            ],
            "tendon_lengths": [
                0.06491977214731723,
                0.06404730842806869,
                0.06241986666120158,
                0.12944657289071582,
                0.12636806368197273,
                0.1275723106638989,
                0.19138771737137086,
                0.19099528083427317,
                0.19300394903094342
            ],
            "clark_coords": [
                0.0011241230684547303,
                0.0009396039421911677,
                0.0006532547784585691,
                -0.000716263351002967,
                -0.000977007317270091,
                -0.0011564704149679274
            ],
            "base_SE3": [
                [
                    0.9998221225300166,
                    -0.0148111546805163,
                    0.011677028586141421,
                    -0.5426482793031762
                ],
                [
                    0.014880936766028141,
                    0.9998717950882305,
                    -0.005911946211201918,
                    0.2647377936163638
                ],
                [
                    -0.011587968783924915,
                    0.006084659733172654,
                    0.9999143442792455,
                    -2.146007856278342
                ],
                [
                    0.0,
                    0.0,
                    0.0,
                    1.0
                ]
            ]
        },
        {
            "step": 13,
            "franka_qpos": [
                -0.002260466108027437,
                -1.6583629193710714,
                -0.09675301399401315,
                -2.757024617867269,
                -0.09211453219049481,
                1.1102524495989758,
                -0.0415094312064217
            ],
            "tendon_lengths": [
                0.06501344906968845,
                0.06406828004050254,
                0.0623052181263965,
                0.12958414987503694,
                0.1262490982322319,
                0.1275536991293186,
                0.19135372306241324,
                0.19092858348055738,
                0.19310464069361682
            ],
            "clark_coords": [
                0.0012177999908259578,
                0.0010179042707070983,
                0.0007076926766634498,
                -0.0007759519635865477,
                -0.0010584245937092656,
                -0.001252842949548588
            ],
            "base_SE3": [
                [
                    0.999850891605111,
                    -0.01388606987793873,
                    0.010265067939846466,
                    -0.5806245627389238
                ],
                [
                    0.013945211354287128,
                    0.9998864428814143,
                    -0.005712479517368932,
                    0.2843043969827892
                ],
                [
                    -0.01018457837855457,
                    0.005854776280704521,
                    0.9999309955981734,
                    -2.1256153040883476
                ],
                [
                    0.0,
                    0.0,
                    0.0,
                    1.0
                ]
            ]
        },
        {
            "step": 14,
            "franka_qpos": [
                -0.002572279741215766,
                -1.6587633244678928,
                -0.10262748240294561,
                -2.767332494153691,
                -0.0995746520841001,
                1.118966993021334,
                -0.0434225330629574
            ],
            "tendon_lengths": [
                0.06510712599205969,
                0.06408925165293639,
                0.06219056959159142,
                0.12972172685935804,
                0.1261301327824911,
                0.1275350875947383,
                0.1913197287534556,
                0.1908618861268416,
                0.19320533235629023
            ],
            "clark_coords": [
                0.0013114769131971852,
                0.0010962045992230288,
                0.0007621305748683306,
                -0.0008356405761701282,
                -0.0011398418701484396,
                -0.0013492154841292484
            ],
            "base_SE3": [
                [
                    0.999880366747281,
                    -0.012679947620349139,
                    0.008858392724733566,
                    -0.618085340438536
                ],
                [
                    0.012728064008769552,
                    0.999904431806498,
                    -0.005396632311921071,
                    0.3035997599646818
                ],
                [
                    -0.008789117129102327,
                    0.0055087368848591445,
                    0.9999462011718536,
                    -2.104139224788727
                ],
                [
                    0.0,
                    0.0,
                    0.0,
                    1.0
                ]
            ]
        },
        {
            "step": 15,
            "franka_qpos": [
                -0.002937852599218971,
                -1.6585036274960518,
                -0.10825180076651142,
                -2.777408297678055,
                -0.10698997096008078,
                1.1281150819585921,
                -0.0451453366853487
            ],
            "tendon_lengths": [
                0.06520080291443091,
                0.06411022326537023,
                0.062075921056786346,
                0.12985930384367916,
                0.12601116733275028,
                0.127516476060158,
                0.19128573444449798,
                0.19079518877312585,
                0.19330602401896366
            ],
            "clark_coords": [
                0.0014051538355684128,
                0.0011745049277389595,
                0.0008165684730732114,
                -0.0008953291887537089,
                -0.001221259146587614,
                -0.0014455880187099093
            ],
            "base_SE3": [
                [
                    0.999909544006716,
                    -0.011199865835412335,
                    0.007447604282642222,
                    -0.6549663694027559
                ],
                [
                    0.011236869902774917,
                    0.9999246348325925,
                    -0.004945443326465904,
                    0.3226020875708489
                ],
                [
                    -0.007391654690945637,
                    0.005028683741888973,
                    0.9999600370918602,
                    -2.081614612419841
                ],
                [
                    0.0,
                    0.0,
                    0.0,
                    1.0
                ]
            ]
        },
        {
            "step": 16,
            "franka_qpos": [
                -0.0033537120790043673,
                -1.6575502238273359,
                -0.1135956120156667,
                -2.7872224164655672,
                -0.11431913444133723,
                1.1376885937323573,
                -0.04664707033832505
            ],
            "tendon_lengths": [
                0.06529447983680213,
                0.06413119487780408,
                0.06196127252198127,
                0.12999688082800026,
                0.12589220188300948,
                0.1274978645255777,
                0.19125174013554033,
                0.19072849141941006,
                0.19340671568163706
            ],
            "clark_coords": [
                0.0014988307579396406,
                0.0012528052562548904,
                0.000871006371278092,
                -0.0009550178013372894,
                -0.0013026764230267883,
                -0.00154196055329057
            ],
            "base_SE3": [
                [
                    0.9999371711544099,
                    -0.00945380860366318,
                    0.006023225597777767,
                    -0.6912058657312696
                ],
                [
                    0.00948003115438648,
                    0.9999456452333617,
                    -0.004339998634595957,
                    0.34129028037572506
                ],
                [
                    -0.005981868690324267,
                    0.004396826323808722,
                    0.9999724422029089,
                    -2.0580801746387074
                ],
                [
                    0.0,
                    0.0,
                    0.0,
                    1.0
                ]
            ]
        },
        {
            "step": 17,
            "franka_qpos": [
                -0.003814883049818363,
                -1.6558716485138352,
                -0.11862777285203041,
                -2.796745538696212,
                -0.12152001776184918,
                1.1476771296261123,
                -0.04789635048082541
            ],
            "tendon_lengths": [
                0.06538815675917337,
                0.06415216649023793,
                0.06184662398717619,
                0.13013445781232139,
                0.12577323643326865,
                0.1274792529909974,
                0.1912177458265827,
                0.19066179406569428,
                0.19350740734431046
            ],
            "clark_coords": [
                0.001592507680310868,
                0.001331105584770821,
                0.0009254442694829728,
                -0.00101470641392087,
                -0.0013840936994659624,
                -0.0016383330878712305
            ],
            "base_SE3": [
                [
                    0.9999617744755316,
                    -0.007450646616036838,
                    0.004575746141122347,
                    -0.7267448136570791
                ],
                [
                    0.007466973355493706,
                    0.999965779618839,
                    -0.0035614463627731546,
                    0.35964396246402397
                ],
                [
                    -0.004549054479054431,
                    0.003595477199135319,
                    0.9999831891822263,
                    -2.0335780787455167
                ],
                [
                    0.0,
                    0.0,
                    0.0,
                    1.0
                ]
            ]
        },
        {
            "step": 18,
            "franka_qpos": [
                -0.004314958891049603,
                -1.6534389014098325,
                -0.12331661519777093,
                -2.8059487110317316,
                -0.12855000451340226,
                1.158067779713158,
                -0.04886130212931228
            ],
            "tendon_lengths": [
                0.06548183368154459,
                0.06417313810267178,
                0.061731975452371114,
                0.13027203479664248,
                0.12565427098352785,
                0.1274606414564171,
                0.19118375151762507,
                0.1905950967119785,
                0.1936080990069839
            ],
            "clark_coords": [
                0.0016861846026820955,
                0.0014094059132867514,
                0.0009798821676878537,
                -0.0010743950265044507,
                -0.0014655109759051368,
                -0.001734705622451891
            ],
            "base_SE3": [
                [
                    0.9999816876708492,
                    -0.005200113281043115,
                    0.003095665490042299,
                    -0.761527249012323
                ],
                [
                    0.005208141589153512,
                    0.9999830808073413,
                    -0.0025910152927031416,
                    0.3776435048430786
                ],
                [
                    -0.0030821395408467105,
                    0.002607090509363086,
                    0.9999918517142667,
                    -2.008153670653213
                ],
                [
                    0.0,
                    0.0,
                    0.0,
                    1.0
                ]
            ]
        },
        {
            "step": 19,
            "franka_qpos": [
                -0.00484621484960579,
                -1.6502257617547855,
                -0.12763026012123202,
                -2.814803396699488,
                -0.13536629783840626,
                1.168844898067742,
                -0.049509713903549635
            ],
            "tendon_lengths": [
                0.06557551060391582,
                0.06419410971510563,
                0.06161732691756604,
                0.1304096117809636,
                0.12553530553378703,
                0.1274420299218368,
                0.19114975720866742,
                0.1905283993582627,
                0.1937087906696573
            ],
            "clark_coords": [
                0.0017798615250533229,
                0.0014877062418026821,
                0.0010343200658927344,
                -0.0011340836390880311,
                -0.0015469282523443107,
                -0.0018310781570325518
            ],
            "base_SE3": [
                [
                    0.9999950824048949,
                    -0.0027127757694914156,
                    0.0015735353988014207,
                    -0.795500514847079
                ],
                [
                    0.0027149951744788754,
                    0.999995320282434,
                    -0.001410040579085503,
                    0.3952700464785679
                ],
                [
                    -0.0015697029111833524,
                    0.0014143057860914465,
                    0.9999977678834655,
                    -1.981855169718726
                ],
                [
                    0.0,
                    0.0,
                    0.0,
                    1.0
                ]
            ]
        },
        {
            "step": 20,
            "franka_qpos": [
                -0.0085481663296747,
                -1.5990765938457216,
                -0.09616134428919976,
                -2.778540725331369,
                -0.10052500193678249,
                1.150000556833577,
                -0.021402122248038502
            ],
            "tendon_lengths": [
                0.06566918752628705,
                0.06421508132753947,
                0.06150267838276096,
                0.1305471887652847,
                0.12541634008404623,
                0.12742341838725652,
                0.1911157628997098,
                0.19046170200454696,
                0.1938094823323307
            ],
            "clark_coords": [
                0.0018735384474245504,
                0.0015660065703186129,
                0.0010887579640976152,
                -0.0011937722516716118,
                -0.0016283455287834853,
                -0.0019274506916132123
            ],
            "base_SE3": [
                [
                    0.9995072539398816,
                    -0.0038218696800620088,
                    -0.03115513815903393,
                    -0.7685677565836974
                ],
                [
                    0.004527063838445209,
                    0.9997344301964585,
                    0.022595901680791272,
                    0.3630787127716381
                ],
                [
                    0.03106050570358603,
                    -0.02272580893860475,
                    0.9992591168428369,
                    -1.9826405888088978
                ],
                [
                    0.0,
                    0.0,
                    0.0,
                    1.0
                ]
            ]
        },
        {
            "step": 21,
            "franka_qpos": [
                -0.010027314245116159,
                -1.6269615269197213,
                -0.08826663842808236,
                -2.790838399246387,
                -0.08260589331684054,
                1.1519643771399313,
                -0.013909304436987124
            ],
            "tendon_lengths": [
                0.06554823590372673,
                0.0641221032346331,
                0.061716608098227654,
                0.1303637306688803,
                0.1255558092309578,
                0.12746740733674938,
                0.19113955072434957,
                0.19048245258569146,
                0.1937649439265464
            ],
            "clark_coords": [
                0.0017525868248642264,
                0.001388813264538025,
                0.0010232675096610712,
                -0.0010605681236639014,
                -0.0014626541295318827,
                -0.0018440133971264839
            ],
            "base_SE3": [
                [
                    0.9998361996152837,
                    -0.012423991677469453,
                    -0.01316124498915402,
                    -0.7513076168934575
                ],
                [
                    0.012733041387728593,
                    0.999638871805864,
                    0.023664226835404145,
                    0.31636994040301925
                ],
                [
                    0.012862487935261785,
                    -0.02382793330310544,
                    0.9996333257743151,
                    -1.999970318527395
