{
    "info": {
        "num_points": 271,
        "clark_scale": 45,
        "T_FRANK_TDCR": [
            [
                2.220446049250313e-16,
                -0.0,
                -1.0,
                -0.028
            ],
            [
                0.0,
                1.0,
                -0.0,
                0.0
            ],
            [
                1.0,
                0.0,
                2.220446049250313e-16,
                -0.132
            ],
            [
                0.0,
                0.0,
                0.0,
                1.0
            ]
        ],
        "tdcr_config": {
            "tendon_distance_mm": 4.5,
            "clark_speed_scale": 0.0005,
            "angle_offset_rad_ccw": [
                0,
                0.5236,
                1.0472
            ],
            "fps": 30
        }
    },
    "raw_joint_trajectory": [
        {
            "step": 0,
            "franka_qpos": [
                -0.20682438565238837,
                -1.3126695224498515,
                0.09033609996854697,
                -2.684683442728856,
                0.09053333929840512,
                1.3837068826644625,
                0.6202994247629441
            ],
            "tendon_lengths": [
                0.06289181284893904,
                0.0608631986839889,
                0.06751981931169374,
                0.12653214341586608,
                0.12632588273463308,
                0.1307826772353857,
                0.19094490541251347,
                0.1917124675638912,
                0.1929984151137613
            ],
            "clark_coords": [
                -0.0008664640992681821,
                -0.0038432017112985987,
                0.0009855523128570766,
                0.000940759083684155,
                5.37098225289159e-05,
                0.0017168486719603556
            ],
            "base_SE3": [
                [
                    0.9999497649006667,
                    0.0002076209191752016,
                    0.010021205948109927,
                    -0.6772193117797741
                ],
                [
                    -0.00021612642516862304,
                    0.9999996173679419,
                    0.0008476752545943794,
                    0.021560967753324653
                ],
                [
                    -0.01002102611855973,
                    -0.0008497985189612096,
                    0.9999494271601974,
                    -1.3066135613873135
                ],
                [
                    0.0,
                    0.0,
                    0.0,
                    1.0
                ]
            ]
        },
        {
            "step": 1,
            "franka_qpos": [
                -0.20663839667689254,
                -1.314197593323511,
                0.091182849779468,
                -2.6886406991811733,
                0.09123305732823006,
                1.3853473829753646,
                0.620830589698806
            ],
            "tendon_lengths": [
                0.06292069498558131,
                0.060959701292796174,
                0.06739443456624418,
                0.12657707978406926,
                0.12637769445887737,
                0.13068592914293822,
                0.1909762506553204,
                0.19171822740165223,
                0.19296131003319333
            ],
            "clark_coords": [
                -0.0008375819626259093,
                -0.003715094987588646,
                0.0009527005690951742,
                0.0009094004475613497,
                5.1919495111285373e-05,
                0.0016596203828950107
            ],
            "base_SE3": [
                [
                    0.9999576192818243,
                    0.00019276837881194997,
                    0.009204481548639468,
                    -0.7008176758268228
                ],
                [
                    -0.0002037341962935063,
                    0.9999992706799018,
                    0.0011904335526065277,
                    0.01966513750337389
                ],
                [
                    -0.009204245357680095,
                    -0.00119225836882823,
                    0.9999569292661452,
                    -1.3063726936675504
                ],
                [
                    0.0,
                    0.0,
                    0.0,
                    1.0
                ]
            ]
        },
        {
            "step": 2,
            "franka_qpos": [
                -0.20644826665590177,
                -1.3156718613600829,
                0.09204314913661493,
                -2.6925992164419243,
                0.09194518228541204,
                1.3870459797087165,
                0.6213619567209645
            ],
            "tendon_lengths": [
                0.06294957712222359,
                0.061056203901603455,
                0.06726904982079462,
                0.12662201615227245,
                0.12642950618312165,
                0.13058918105049075,
                0.19100759589812735,
                0.19172398723941325,
                0.19292420495262536
            ],
            "clark_coords": [
                -0.0008086998259836367,
                -0.0035869882638786925,
                0.0009198488253332716,
                0.0008780418114385447,
                5.0129167693654834e-05,
                0.0016023920938296654
            ],
            "base_SE3": [
                [
                    0.9999647818138607,
                    0.00017828069018452873,
                    0.008390670292283154,
                    -0.7245017518166869
                ],
                [
                    -0.00019112270703346493,
                    0.9999988116915509,
                    0.0015297344859466731,
                    0.017771179025281914
                ],
                [
                    -0.00839038759945882,
                    -0.0015312842590928973,
                    0.9999636276207498,
                    -1.3058833547792226
                ],
                [
                    0.0,
                    0.0,
                    0.0,
                    1.0
                ]
            ]
        },
        {
            "step": 3,
            "franka_qpos": [
                -0.20625402305693274,
                -1.3170910343185993,
                0.09291715894572716,
                -2.6965581766601057,
                0.09266975394443033,
                1.388803157258038,
                0.6218935340604421
            ],
            "tendon_lengths": [
                0.06297845925886586,
                0.061152706510410736,
                0.06714366507534508,
                0.12666695252047563,
                0.12648131790736591,
                0.13049243295804328,
                0.1910389411409343,
                0.19172974707717427,
                0.19288709987205738
            ],
            "clark_coords": [
                -0.0007798176893413639,
                -0.0034588815401687388,
                0.0008869970815713692,
                0.0008466831753157394,
                4.833884027602431e-05,
                0.0015451638047643203
            ],
            "base_SE3": [
                [
                    0.999971259661683,
                    0.00016423720158637717,
                    0.0075797675933244905,
                    -0.7482689061653026
                ],
                [
                    -0.00017838303643432328,
                    0.9999982438117117,
                    0.0018656240203237424,
                    0.015879302142748852
                ],
                [
                    -0.0075794478769571185,
                    -0.001866922503616985,
                    0.9999695328209987,
                    -1.30514464742265
                ],
                [
                    0.0,
                    0.0,
                    0.0,
                    1.0
                ]
            ]
        },
        {
            "step": 4,
            "franka_qpos": [
                -0.20605569633502396,
                -1.318453803428843,
                0.0938050380364226,
                -2.700516751620531,
                0.09340681114443328,
                1.3906194055982315,
                0.6224253298457754
            ],
            "tendon_lengths": [
                0.06300734139550813,
                0.06124920911921801,
                0.06701828032989553,
                0.12671188888867882,
                0.1265331296316102,
                0.13039568486559583,
                0.19107028638374127,
                0.19173550691493532,
                0.1928499947914894
            ],
            "clark_coords": [
                -0.000750935552699091,
                -0.003330774816458786,
                0.0008541453378094665,
                0.0008153245391929343,
                4.654851285839378e-05,
                0.001487935515698975
            ],
            "base_SE3": [
                [
                    0.9999770599525702,
                    0.00015071630122513377,
                    0.00677176883913033,
                    -0.7721164955703115
                ],
                [
                    -0.0001656050966478556,
                    0.9999975703531553,
                    0.0021981498445899153,
                    0.013989716353693359
                ],
                [
                    -0.00677142108910945,
                    -0.0021992208583613004,
                    0.9999746553208492,
                    -1.3041557030210138
                ],
                [
                    0.0,
                    0.0,
                    0.0,
                    1.0
                ]
            ]
        },
        {
            "step": 5,
            "franka_qpos": [
                -0.20585331054899658,
                -1.3197590238412888,
                0.09470688830993668,
                -2.7044742780790085,
                0.09415639797706143,
                1.392495369463946,
                0.6229573109572462
            ],
            "tendon_lengths": [
                0.06303622353215041,
                0.06134571172802529,
                0.06689289558444597,
                0.126756825256882,
                0.1265849413558545,
                0.13029893677314835,
                0.1911016316265482,
                0.19174126675269634,
                0.19281288971092142
            ],
            "clark_coords": [
                -0.0007220534160568184,
                -0.0032026680927488326,
                0.000821293594047564,
                0.0007839659030701292,
                4.475818544076326e-05,
                0.0014307072266336299
            ],
            "base_SE3": [
                [
                    0.9999821888025879,
                    0.00013776650532825764,
                    0.005966833161519457,
                    -0.796042062076933
                ],
                [
                    -0.0001528489929077774,
                    0.9999967945936872,
                    0.002527338429840646,
                    0.01210276740564846
                ],
                [
                    -0.005966465852811565,
                    -0.002528205439356522,
                    0.9999790045108377,
                    -1.302915731974113
                ],
                [
                    0.0,
                    0.0,
                    0.0,
                    1.0
                ]
            ]
        },
        {
            "step": 6,
            "franka_qpos": [
                -0.20564692497860282,
                -1.3210049887270465,
                0.09562297469095915,
                -2.7084295493517776,
                0.09491853488763491,
                1.3944312442726083,
                0.6234895679910171
            ],
            "tendon_lengths": [
                0.06306510566879268,
                0.061442214336832564,
                0.06676751083899643,
                0.1268017616250852,
                0.12663675308009878,
                0.13020218868070088,
                0.19113297686935515,
                0.19174702659045736,
                0.19277578463035344
            ],
            "clark_coords": [
                -0.0006931712794145457,
                -0.0030745613690388793,
                0.0007884418502856614,
                0.000752607266947324,
                4.296785802313272e-05,
                0.0013734789375682845
            ],
            "base_SE3": [
                [
                    0.9999866553683394,
                    0.00012552395609646307,
                    0.0051646228304883576,
                    -0.8200425500597102
                ],
                [
                    -0.00014026146535479206,
                    0.9999959195324942,
                    0.0028532867163440258,
                    0.010218386462950438
                ],
                [
                    -0.005164243600576226,
                    -0.002853973037849976,
                    0.9999825925614587,
                    -1.3014238203595563
                ],
                [
                    0.0,
                    0.0,
                    0.0,
                    1.0
                ]
            ]
        },
        {
            "step": 7,
            "franka_qpos": [
                -0.20543657145466154,
                -1.3221905269889414,
                0.09655339161244347,
                -2.712381885884201,
                0.09569326356501984,
                1.3964276887880747,
                0.624022066527786
            ],
            "tendon_lengths": [
                0.06309398780543495,
                0.061538716945639844,
                0.06664212609354687,
                0.12684669799328838,
                0.12668856480434307,
                0.1301054405882534,
                0.1911643221121621,
                0.19175278642821839,
                0.19273867954978546
            ],
            "clark_coords": [
                -0.0006642891427722728,
                -0.0029464546453289255,
                0.0007555901065237588,
                0.0007212486308245188,
                4.1177530605502186e-05,
                0.0013162506485029392
            ],
            "base_SE3": [
                [
                    0.9999904655201254,
                    0.00011403309520634057,
                    0.004365302429271053,
                    -0.8441154879942956
                ],
                [
                    -0.00012789804617260956,
                    0.9999949482423813,
                    0.0031760245291405816,
                    0.008336922920521697
                ],
                [
                    -0.004364918204913741,
                    -0.0031765525610502783,
                    0.9999854283952813,
                    -1.2996792394205867
                ],
                [
                    0.0,
                    0.0,
                    0.0,
                    1.0
                ]
            ]
        },
        {
            "step": 8,
            "franka_qpos": [
                -0.2052222968175652,
                -1.3233142659904278,
                0.09749828714534647,
                -2.7163304157537977,
                0.09648061547960074,
                1.398485211385835,
                0.6245548136574426
            ],
            "tendon_lengths": [
                0.06312286994207722,
                0.06163521955444712,
                0.06651674134809733,
                0.12689163436149156,
                0.12674037652858736,
                0.13000869249580593,
                0.19119566735496907,
                0.1917585462659794,
                0.19270157446921748
            ],
            "clark_coords": [
                -0.0006354070061300002,
                -0.0028183479216189727,
                0.0007227383627618563,
                0.0006898899947017136,
                3.938720318787166e-05,
                0.0012590223594375943
            ],
            "base_SE3": [
                [
                    0.999993626230543,
                    0.00010336823754251989,
                    0.0035688672287776924,
                    -0.8682581968934724
                ],
                [
                    -0.00011584369814784598,
                    0.9999938836399929,
                    0.003495606219548062,
                    0.0064585847424001724
                ],
                [
                    -0.0035684840656469126,
                    -0.0034959973701378794,
                    0.9999875218840791,
                    -1.297681236504626
                ],
                [
                    0.0,
                    0.0,
                    0.0,
                    1.0
                ]
            ]
        },
        {
            "step": 9,
            "franka_qpos": [
                -0.20500415269685712,
                -1.3243748174674144,
                0.09845780603836207,
                -2.720274255750399,
                0.09728061978623082,
                1.4006043243292288,
                0.6250878158485311
            ],
            "tendon_lengths": [
                0.0631517520787195,
                0.0617317221632544,
                0.06639135660264778,
                0.12693657072969475,
                0.12679218825283164,
                0.12991194440335846,
                0.19122701259777602,
                0.19176430610374043,
                0.1926644693886495
            ],
            "clark_coords": [
                -0.0006065248694877275,
                -0.002690241197909019,
                0.0006898866189999536,
                0.0006585313585789084,
                3.759687577024113e-05,
                0.001201794070372249
            ],
            "base_SE3": [
                [
                    0.9999961444321916,
                    9.360262266589967e-05,
                    0.0027753124690002746,
                    -0.8924679896514437
                ],
                [
                    -0.0001041820783732059,
                    0.9999927285401191,
                    0.003812087745841075,
                    0.00458357945177696
                ],
                [
                    -0.002774935467016079,
                    -0.0038123621858994344,
                    0.9999888827520621,
                    -1.2954290881797392
                ],
                [
                    0.0,
                    0.0,
                    0.0,
                    1.0
                ]
            ]
        },
        {
            "step": 10,
            "franka_qpos": [
                -0.2047821837778745,
                -1.3253709618168326,
                0.09943203491297758,
                -2.7242126927864296,
                0.09809330517935733,
                1.402785696146747,
                0.6256210330360128
            ],
            "tendon_lengths": [
                0.06318063421536177,
                0.06182822477206167,
                0.06626597185719822,
                0.12698150709789793,
                0.12684399997707593,
                0.129815196310911,
                0.19125835784058295,
                0.19177006594150148,
                0.19262736430808153
            ],
            "clark_coords": [
                -0.0005776427328454547,
                -0.0025621344741990665,
                0.0006570348752380512,
                0.0006271727224561034,
                3.58065483526106e-05,
                0.0011445657813069039
            ],
            "base_SE3": [
                [
                    0.999998026693375,
                    8.478369156424484e-05,
                    0.0019847974919104594,
                    -0.9167423951042031
                ],
                [
                    -9.297143386689365e-05,
                    0.9999914857695787,
                    0.004125499323110883,
                    0.002712258401494881
                ],
                [
                    -0.001984430817825072,
                    -0.004125675711704493,
                    0.9999895203622151,
                    -1.2929221479080282
                ],
                [
                    0.0,
                    0.0,
                    0.0,
                    1.0
                ]
            ]
        },
        {
            "step": 11,
            "franka_qpos": [
                -0.2044187408623559,
                -1.327259724357095,
                0.09997450162067256,
                -2.7291610128601898,
                0.09874196861172857,
                1.4058888929463702,
                0.6256018887776746
            ],
            "tendon_lengths": [
                0.06320951635200404,
                0.06192472738086895,
                0.06614058711174868,
                0.12702644346610112,
                0.1268958117013202,
                0.12971844821846354,
                0.1912897030833899,
                0.1917758257792625,
                0.19259025922751355
            ],
            "clark_coords": [
                -0.0005487605962031819,
                -0.0024340277504891128,
                0.0006241831314761486,
                0.0005958140863332981,
                3.401622093498006e-05,
                0.0010873374922415586
            ],
            "base_SE3": [
                [
                    0.999997903591072,
                    -2.4733442907639257e-05,
                    0.002047486683344469,
                    -0.9425818300693013
                ],
                [
                    1.6580439810221642e-05,
                    0.9999920721557052,
                    0.003981877801812216,
                    0.001768690270790095
                ],
                [
                    -0.002047568936736086,
                    -0.003981835505938322,
                    0.9999899761734882,
                    -1.2904178533720656
                ],
                [
                    0.0,
                    0.0,
                    0.0,
                    1.0
                ]
            ]
        },
        {
            "step": 12,
            "franka_qpos": [
                -0.20402437455678468,
                -1.3292760221036939,
                0.10044493149751021,
                -2.7343096100981623,
                0.09935964851516133,
                1.4092339545832742,
                0.6254671537982768
            ],
            "tendon_lengths": [
                0.06323839848864632,
                0.06202122998967623,
                0.06601520236629912,
                0.1270713798343043,
                0.12694762342556448,
                0.12962170012601607,
                0.19132104832619687,
                0.19178158561702352,
                0.19255315414694557
            ],
            "clark_coords": [
                -0.0005198784595609093,
                -0.002305921026779159,
                0.000591331387714246,
                0.000564455450210493,
                3.222589351734954e-05,
                0.0010301092031762135
            ],
            "base_SE3": [
                [
                    0.9999973743606848,
                    -0.00014295161353683299,
                    0.002287102222422356,
                    -0.9687943678916116
                ],
                [
                    0.00013439762889658115,
                    0.999992997840338,
                    0.0037398138421936723,
                    0.0010194399435836804
                ],
                [
                    -0.00228762082019045,
                    -0.0037394966416756693,
                    0.9999903914317642,
                    -1.2876849137621131
                ],
                [
                    0.0,
                    0.0,
                    0.0,
                    1.0
                ]
            ]
        },
        {
            "step": 13,
            "franka_qpos": [
                -0.20362770167277722,
                -1.3312189369430778,
                0.10093674905108951,
                -2.7394463914999387,
                0.09998254220964009,
                1.4126434973846935,
                0.6253316513591853
            ],
            "tendon_lengths": [
                0.0632672806252886,
                0.06211773259848351,
                0.06588981762084958,
                0.1271163162025075,
                0.12699943514980877,
                0.1295249520335686,
                0.19135239356900383,
                0.19178734545478454,
                0.1925160490663776
            ],
            "clark_coords": [
                -0.0004909963229186365,
                -0.002177814303069206,
                0.0005584796439523435,
                0.0005330968140876878,
                3.0435566099719008e-05,
                0.0009728809141108682
            ],
            "base_SE3": [
                [
                    0.9999967762566561,
                    -0.0002476212291718646,
                    0.002527085281898992,
                    -0.9950649411953432
                ],
                [
                    0.0002387919033234225,
                    0.9999938689158472,
                    0.0034935811343189214,
                    0.0002727915873070863
                ],
                [
                    -0.002527934872981191,
                    -0.003492966424405667,
                    0.9999907043222132,
                    -1.2846666334443557
                ],
                [
                    0.0,
                    0.0,
                    0.0,
                    1.0
                ]
            ]
        },
        {
            "step": 14,
            "franka_qpos": [
                -0.20322875458013367,
                -1.3330867092853023,
                0.10145026094102505,
                -2.74457037428437,
                0.10061091251869181,
                1.4161182919988402,
                0.6251956575245683
            ],
            "tendon_lengths": [
                0.06329616276193085,
                0.06221423520729078,
                0.06576443287540003,
                0.12716125257071068,
                0.12705124687405306,
                0.12942820394112112,
                0.19138373881181078,
                0.19179310529254556,
                0.19247894398580961
            ],
            "clark_coords": [
                -0.00046211418627636376,
                -0.0020497075793592524,
                0.0005256279001904409,
                0.0005017381779648826,
                2.8645238682088482e-05,
                0.000915652625045523
            ],
            "base_SE3": [
                [
                    0.9999961133543099,
                    -0.0003386691306220251,
                    0.002767413863920986,
                    -1.0213903625032936
                ],
                [
                    0.00032969264872827805,
                    0.9999946856591756,
                    0.003243448190418441,
                    -0.00047108721100824064
                ],
                [
                    -0.002768497612719407,
                    -0.003242523188277592,
                    0.9999909106908635,
                    -1.2813624240726151
                ],
                [
                    0.0,
                    0.0,
                    0.0,
                    1.0
                ]
            ]
        },
        {
            "step": 15,
            "franka_qpos": [
                -0.20282756107545907,
                -1.3348776860853484,
                0.10198574096857138,
                -2.7496806852578746,
                0.10124503141391772,
                1.4196592302219928,
                0.6250594286010047
            ],
            "tendon_lengths": [
                0.06332504489857313,
                0.06231073781609806,
                0.06563904812995047,
                0.12720618893891386,
                0.12710305859829735,
                0.12933145584867364,
                0.1914150840546177,
                0.19179886513030658,
                0.19244183890524164
            ],
            "clark_coords": [
                -0.00043323204963409103,
                -0.0019216008556492993,
                0.0004927761564285383,
                0.0004703795418420775,
                2.685491126445795e-05,
                0.0008584243359801778
            ],
            "base_SE3": [
                [
                    0.9999953888391934,
                    -0.00041604094993284973,
                    0.003008190532585425,
                    -1.0477675440396426
                ],
                [
                    0.0004070474267749572,
                    0.9999954480731984,
                    0.0029896731053651853,
                    -0.001211949747395684
                ],
                [
                    -0.003009420665961118,
                    -0.0029884348432861994,
                    0.9999910062817788,
                    -1.277771751963505
                ],
                [
                    0.0,
                    0.0,
                    0.0,
                    1.0
                ]
            ]
        },
        {
            "step": 16,
            "franka_qpos": [
                -0.20242417167548865,
                -1.3365897868506282,
                0.10254355154142347,
                -2.754776065171823,
                0.10188514700746154,
                1.4232668817620304,
                0.6249232924482393
            ],
            "tendon_lengths": [
                0.0633539270352154,
                0.062407240424905336,
                0.06551366338450093,
                0.12725112530711705,
                0.12715487032254164,
                0.1292347077562262,
                0.19144642929742467,
                0.19180462496806763,
                0.19240473382467366
            ],
            "clark_coords": [
                -0.00040434991299181835,
                -0.0017934941319393462,
                0.0004599244126666358,
                0.00043902090571927235,
                2.5064583846827417e-05,
                0.0008011960469148327
            ],
            "base_SE3": [
                [
                    0.9999946065062684,
                    -0.0004796437701757132,
                    0.0032491383826274106,
                    -1.0741930998318208
                ],
                [
                    0.00047076603586907297,
                    0.9999961557705311,
                    0.0027325489019057406,
                    -0.0019497897781268828
                ],
                [
                    -0.0032504365422513803,
                    -0.002731004579923986,
                    0.9999909880975285,
                    -1.2738940711330922
                ],
                [
                    0.0,
                    0.0,
                    0.0,
                    1.0
                ]
            ]
        },
        {
            "step": 17,
            "franka_qpos": [
                -0.20201861887257433,
                -1.338221313206182,
                0.10312395802092622,
                -2.7598556186607723,
                0.10253153365074397,
                1.4269421660684936,
                0.6247875106081695
            ],
            "tendon_lengths": [
                0.06338280917185768,
                0.06250374303371262,
                0.06538827863905138,
                0.12729606167532023,
                0.12720668204678592,
                0.12913795966377872,
                0.19147777454023163,
                0.19181038480582865,
                0.19236762874410568
            ],
            "clark_coords": [
                -0.0003754677763495455,
                -0.001665387408229393,
                0.00042707266890473327,
                0.00040766226959646715,
                2.327425642919689e-05,
                0.0007439677578494875
            ],
            "base_SE3": [
                [
                    0.9999937685001843,
                    -0.000529434270123968,
                    0.0034903667651736527,
                    -1.1006639401663332
                ],
                [
                    0.0005208064687746918,
                    0.9999968081543578,
                    0.0024723352767179844,
                    -0.0026843568288004716
                ],
                [
                    -0.0034916645634844377,
                    -0.00247050206477146,
                    0.9999908524072236,
                    -1.2697289238182712
                ],
                [
                    0.0,
                    0.0,
                    0.0,
                    1.0
                ]
            ]
        },
        {
            "step": 18,
            "franka_qpos": [
                -0.20161093843747802,
                -1.339770533028349,
                0.10372722424198288,
                -2.7649184291637057,
                0.10318446280541327,
                1.4306860063566997,
                0.6246523470048708
            ],
            "tendon_lengths": [
                0.06341169130849995,
                0.0626002456425199,
                0.06526289389360182,
                0.1273409980435234,
                0.1272584937710302,
                0.12904121157133125,
                0.19150911978303858,
                0.19181614464358968,
                0.1923305236635377
            ],
            "clark_coords": [
                -0.00034658563970727283,
                -0.0015372806845194396,
                0.0003942209251428307,
                0.000376303633473662,
                2.148392901156636e-05,
                0.0006867394687841423
            ],
            "base_SE3": [
                [
                    0.9999928763285217,
                    -0.0005653703028545257,
                    0.003731976504497045,
                    -1.1271769765958928
                ],
                [
                    0.0005571277797540727,
                    0.9999974043162447,
                    0.002209291608155091,
                    -0.0034154026649892318
                ],
                [
                    -0.003733215885331851,
                    -0.002207196682103429,
                    0.9999905956467587,
                    -1.2652758857273199
                ],
                [
                    0.0,
                    0.0,
                    0.0,
                    1.0
                ]
            ]
        },
        {
            "step": 19,
            "franka_qpos": [
                -0.20120119079262277,
                -1.341235284673481,
                0.10435370089756812,
                -2.7699631877813102,
                0.10384418637403359,
                1.434499001192762,
                0.6245181411465284
            ],
            "tendon_lengths": [
                0.06344057344514223,
                0.06269674825132718,
                0.06513750914815228,
                0.12738593441172658,
                0.12731030549527447,
                0.12894446347888378,
                0.1915404650258455,
                0.1918219044813507,
                0.19229341858296972
            ],
            "clark_coords": [
                -0.0003177035030650001,
                -0.0014091739608094863,
                0.00036136918138092813,
                0.0003449449973508568,
                1.969360159393583e-05,
                0.0006295111797187972
            ],
            "base_SE3": [
                [
                    0.9999919323494912,
                    -0.0005873769310630371,
                    0.003973691517202021,
                    -1.1537287852920777
                ],
                [
                    0.0005796566728640973,
                    0.999997942981677,
                    0.0019437156578074322,
                    -0.004142929366131819
                ],
                [
                    -0.003974825036983692,
                    -0.001941396599784961,
                    0.99999021582472,
                    -1.2605345236987742
                ],
                [
                    0.0,
                    0.0,
                    0.0,
                    1.0
                ]
            ]
        },
        {
            "step": 20,
            "franka_qpos": [
                -0.2007894188443955,
                -1.3426137928482957,
                0.1050036409851649,
                -2.774988955209242,
                0.10451097566937673,
                1.4383820998581909,
                0.6243851612899345
            ],
            "tendon_lengths": [
                0.06346945558178449,
                0.06279325086013444,
                0.06501212440270272,
                0.12743087077992976,
                0.12736211721951876,
                0.1288477153864363,
                0.19157181026865247,
                0.19182766431911172,
                0.19225631350240177
            ],
            "clark_coords": [
                -0.00028882136642272737,
                -0.0012810672370995332,
                0.0003285174376190256,
                0.0003135863612280517,
                1.79032741763053e-05,
                0.0005722828906534519
            ],
            "base_SE3": [
                [
                    0.9999909369651836,
                    -0.0005954231469163537,
                    0.004215620804737142,
                    -1.1803162790808517
                ],
                [
                    0.0005883627164751091,
                    0.9999984226467976,
                    0.0016758679036031898,
                    -0.004866684349212717
                ],
                [
                    -0.004216612005755155,
                    -0.0016733724010457238,
                    0.9999897099510572,
                    -1.2555044893893057
                ],
                [
                    0.0,
                    0.0,
                    0.0,
                    1.0
                ]
            ]
        },
        {
            "step": 21,
            "franka_qpos": [
                -0.200375670132666,
                -1.3439042418089666,
                0.10567729597054987,
                -2.7799947632897637,
                0.10518509732390902,
                1.4423362483745281,
                0.6242536784858972
            ],
            "tendon_lengths": [
                0.06349833771842676,
                0.06288975346894173,
                0.06488673965725318,
                0.12747580714813295,
                0.12741392894376305,
                0.12875096729398885,
                0.19160315551145943,
                0.19183342415687274,
                0.1922192084218338
            ],
            "clark_coords": [
                -0.00025993922978045464,
                -0.00115296051338958,
                0.00029566569385712304,
                0.0002822277251052465,
                1.6112946758674772e-05,
                0.0005150546015881067
            ],
            "base_SE3": [
                [
                    0.9999898899551152,
                    -0.0005894785359875109,
                    0.004457858523177989,
                    -1.2069363655395502
                ],
                [
                    0.0005832159617432638,
                    0.9999988414987291,
                    0.0014060086563036861,
                    -0.0055864213383255215
                ],
                [
                    -0.0044586821706675255,
                    -0.0014033945472471518,
