{
    "info": {
        "num_points": 121,
        "clark_scale": 85,
        "T_FRANK_TDCR": [
            [
                1.1102230246251565e-16,
                1.1102230246251565e-16,
                -1.0,
                -0.015
            ],
            [
                -0.7071067811865475,
                0.7071067811865475,
                0.0,
                0.0
            ],
            [
                0.7071067811865475,
                0.7071067811865475,
                2.220446049250313e-16,
                -0.115
            ],
            [
                0.0,
                0.0,
                0.0,
                1.0
            ]
        ],
        "tdcr_config": {
            "tendon_distance_mm": 2,
            "clark_speed_scale": 0.0005,
            "angle_offset_rad_ccw": [
                0,
                0.5236,
                1.0472
            ],
            "fps": 1
        }
    },
    "raw_joint_trajectory": [
        {
            "step": 0,
            "franka_qpos": [
                0.00313952506870141,
                -1.4434155401296904,
                0.02112856127406193,
                -2.5490585448687595,
                0.024380981824395853,
                1.0959797830024023,
                0.04019656007128036
            ],
            "tendon_lengths": [
                0.1,
                0.09995737830040788,
                0.10004262169959213,
                0.20000796741141835,
                0.20002276554082166,
                0.19996926704776002,
                0.3000593028681226,
                0.2999769111770983,
                0.29996378595477924
            ],
            "clark_coords": [
                1.3980145665252272e-21,
                -4.9215299465665755e-05,
                -8.543741623959798e-06,
                7.994824124469962e-05,
                3.163242948216999e-05,
                2.4413830391723412e-05
            ],
            "base_SE3": [
                [
                    0.9999516188155716,
                    -0.00043980063549778196,
                    -0.009826830797291559,
                    0.03492702205359008
                ],
                [
                    0.0006699368112737049,
                    0.9997252984900874,
                    0.023428161335754188,
                    -0.06641634267405797
                ],
                [
                    0.009813827631789885,
                    -0.02343361120924905,
                    0.9996772252346791,
                    -2.9577031779994907
                ],
                [
                    0.0,
                    0.0,
                    0.0,
                    1.0
                ]
            ]
        },
        {
            "step": 1,
            "franka_qpos": [
                -7.726873938240786e-05,
                -1.4202294929952912,
                0.021634366877588462,
                -2.53740534229966,
                0.02584969607059584,
                1.0993657309598799,
                0.0438847075587403
            ],
            "tendon_lengths": [
                0.0999998189354908,
                0.09998210746760529,
                0.10001807359690393,
                0.20003542436994695,
                0.2000125298068089,
                0.1999520458232442,
                0.3000810344541094,
                0.29995768852313104,
                0.2999612770227597
            ],
            "clark_coords": [
                -1.8106450919974983e-07,
                -2.0765054432282654e-05,
                1.3399187984746855e-05,
                6.871924737242593e-05,
                2.9093184078185045e-05,
                2.1187895899336067e-05
            ],
            "base_SE3": [
                [
                    0.9998370985323525,
                    -0.0010576772352930788,
                    -0.018018260661690225,
                    0.052946397340929804
                ],
                [
                    0.001586407116233654,
                    0.9995677860783648,
                    0.029355141744806624,
                    -0.061841910009827236
                ],
                [
                    0.017979424653426317,
                    -0.029378944046069253,
                    0.9994066329256923,
                    -2.916558306846247
                ],
                [
                    0.0,
                    0.0,
                    0.0,
                    1.0
                ]
            ]
        },
        {
            "step": 2,
            "franka_qpos": [
                -0.003267470653908422,
                -1.3971059190190356,
                0.022244794073031038,
                -2.5254675665776927,
                0.027291791294775436,
                1.1023989192817218,
                0.04760380232525918
            ],
            "tendon_lengths": [
                0.09999963787098161,
                0.10000683663480268,
                0.09999352549421572,
                0.20006288132847552,
                0.20000229407279616,
                0.19993482459872836,
                0.30010276604009617,
                0.29993846586916384,
                0.2999587680907401
            ],
            "clark_coords": [
                -3.6212901839950114e-07,
                7.685190601100455e-06,
                3.534211759345351e-05,
                5.749025350015225e-05,
                2.655393867420009e-05,
                1.7961961406948728e-05
            ],
            "base_SE3": [
                [
                    0.9996551825751816,
                    -0.0015095429796429362,
                    -0.026215209908993713,
                    0.07095711596560912
                ],
                [
                    0.0024340115967106148,
                    0.99937490645188,
                    0.03526856875240588,
                    -0.05724947457701076
                ],
                [
                    0.026145583530054743,
                    -0.035320215660280346,
                    0.9990339788153275,
                    -2.875296802277482
                ],
                [
                    0.0,
                    0.0,
                    0.0,
                    1.0
                ]
            ]
        },
        {
            "step": 3,
            "franka_qpos": [
                -0.006433183819183341,
                -1.3740482226960844,
                0.02295678053641348,
                -2.5132476396750274,
                0.028704106881080715,
                1.1050797482035772,
                0.051357107084576636
            ],
            "tendon_lengths": [
                0.0999994568064724,
                0.10003156580200008,
                0.09996897739152752,
                0.20009033828700412,
                0.1999920583387834,
                0.19991760337421252,
                0.30012449762608295,
                0.2999192432151966,
                0.2999562591587206
            ],
            "clark_coords": [
                -5.431935275992525e-07,
                3.613543563448356e-05,
                5.728504720216015e-05,
                4.626125962787855e-05,
                2.4014693270215138e-05,
                1.473602691456138e-05
            ],
            "base_SE3": [
                [
                    0.9994060300078436,
                    -0.0017954066355041578,
                    -0.0344145855557487,
                    0.08895774313750852
                ],
                [
                    0.003212595940342987,
                    0.9991470343923269,
                    0.041168955443909395,
                    -0.052640059864688005
                ],
                [
                    0.03431131608208654,
                    -0.041255062477612264,
                    0.9985593389522139,
                    -2.833918683525594
                ],
                [
                    0.0,
                    0.0,
                    0.0,
                    1.0
                ]
            ]
        },
        {
            "step": 4,
            "franka_qpos": [
                -0.009576409629591165,
                -1.3510592583133407,
                0.02376746995386414,
                -2.500747860383891,
                0.030083542608378533,
                1.1074090232043599,
                0.05514777645328994
            ],
            "tendon_lengths": [
                0.09999927574196321,
                0.10005629496919749,
                0.09994442928883933,
                0.2001177952455327,
                0.19998182260477065,
                0.19990038214969671,
                0.3001462292120698,
                0.29990002056122933,
                0.299953750226701
            ],
            "clark_coords": [
                -7.242580367990037e-07,
                6.458568066786667e-05,
                7.92279768108668e-05,
                3.503226575560487e-05,
                2.147544786623019e-05,
                1.1510092422174038e-05
            ],
            "base_SE3": [
                [
                    0.9990898049204344,
                    -0.0019153365187125993,
                    -0.04261329827728504,
                    0.10694684769117377
                ],
                [
                    0.003922016247359826,
                    0.9988845144177005,
                    0.04705682357607374,
                    -0.04801469339244927
                ],
                [
                    0.042475634104792645,
                    -0.0471811227349919,
                    0.997982846628569,
                    -2.792423996446825
                ],
                [
                    0.0,
                    0.0,
                    0.0,
                    1.0
                ]
            ]
        },
        {
            "step": 5,
            "franka_qpos": [
                -0.012699037301397542,
                -1.3281413697487583,
                0.024674209706770256,
                -2.487970406271585,
                0.03142706195993883,
                1.1093879147457866,
                0.05897886658446572
            ],
            "tendon_lengths": [
                0.099999094677454,
                0.10008102413639489,
                0.09991988118615112,
                0.20014525220406126,
                0.1999715868707579,
                0.19988316092518088,
                0.3001679607980566,
                0.2998807979072621,
                0.2999512412946815
            ],
            "clark_coords": [
                -9.05322545998755e-07,
                9.303592570124978e-05,
                0.00010117090641957347,
                2.3803271883331196e-05,
                1.8936202462245238e-05,
                8.284157929786696e-06
            ],
            "base_SE3": [
                [
                    0.9987066763918057,
                    -0.0018694603316716102,
                    -0.05080826358478394,
                    0.12492300242197193
                ],
                [
                    0.00456213904799092,
                    0.9985876605893149,
                    0.052932702614408515,
                    -0.043374406308950154
                ],
                [
                    0.05063754948394892,
                    -0.053096037863732584,
                    0.9973046923310017,
                    -2.750812813508862
                ],
                [
                    0.0,
                    0.0,
                    0.0,
                    1.0
                ]
            ]
        },
        {
            "step": 6,
            "franka_qpos": [
                -0.015802836680425703,
                -1.305296408673061,
                0.02567454438815142,
                -2.474917322162682,
                0.03273169385864172,
                1.1110179263043989,
                0.06285334503056017
            ],
            "tendon_lengths": [
                0.0999989136129448,
                0.1001057533035923,
                0.09989533308346292,
                0.20017270916258986,
                0.19996135113674515,
                0.19986593970066505,
                0.30018969238404336,
                0.2998615752532948,
                0.2999487323626619
            ],
            "clark_coords": [
                -1.0863870551985062e-06,
                0.00012148617073463286,
                0.0001231138360282801,
                1.2574278011057511e-05,
                1.639695705826029e-05,
                5.0582234373993535e-06
            ],
            "base_SE3": [
                [
                    0.998256818451824,
                    -0.0016579649773827087,
                    -0.05899640299692819,
                    0.14288478442028252
                ],
                [
                    0.005132841318493495,
                    0.9982567563451963,
                    0.05879712876634152,
                    -0.03872023298913941
                ],
                [
                    0.05879607431148232,
                    -0.05899745387133545,
                    0.9965251236583339,
                    -2.70908523376887
                ],
                [
                    0.0,
                    0.0,
                    0.0,
                    1.0
                ]
            ]
        },
        {
            "step": 7,
            "franka_qpos": [
                -0.018889451838013382,
                -1.2825257528416478,
                0.02676620862698753,
                -2.461590508955467,
                0.03399453337080516,
                1.1123008626041129,
                0.06677409986615945
            ],
            "tendon_lengths": [
                0.09999873254843561,
                0.10013048247078969,
                0.09987078498077472,
                0.20020016612111843,
                0.1999511154027324,
                0.1998487184761492,
                0.30021142397003014,
                0.2998423525993276,
                0.29994622343064237
            ],
            "clark_coords": [
                -1.2674515643982573e-06,
                0.00014993641576801597,
                0.00014505676563698677,
                1.3452841387838323e-06,
                1.3857711654275341e-05,
                1.8322889450120108e-06
            ],
            "base_SE3": [
                [
                    0.9977404100434325,
                    -0.0012810963499805513,
                    -0.06717464520565483,
                    0.16083077540350643
                ],
                [
                    0.005634010495794211,
                    0.9978920543599453,
                    0.06465064401087463,
                    -0.034053210630449915
                ],
                [
                    0.06695022100110515,
                    -0.06488302272112191,
                    0.9956444452064572,
                    -2.6672413828419375
                ],
                [
                    0.0,
                    0.0,
                    0.0,
                    1.0
                ]
            ]
        },
        {
            "step": 8,
            "franka_qpos": [
                -0.021960395345746342,
                -1.2598303242498923,
                0.027947119383489483,
                -2.447991712713333,
                0.035212741479330845,
                1.113238798195911,
                0.070743948125918
            ],
            "tendon_lengths": [
                0.0999985514839264,
                0.10015521163798709,
                0.09984623687808651,
                0.200227623079647,
                0.19994087966871965,
                0.19983149725163338,
                0.300233155556017,
                0.29982312994536037,
                0.29994371449862284
            ],
            "clark_coords": [
                -1.4485160735980086e-06,
                0.0001783866608013991,
                0.0001669996952456934,
                -9.883709733489862e-06,
                1.1318466250290388e-05,
                -1.3936455473753354e-06
            ],
            "base_SE3": [
                [
                    0.9971576349845424,
                    -0.0007391591019431602,
                    -0.07533992723553756,
                    0.17875956204602964
                ],
                [
                    0.006065544490746299,
                    0.997493776431135,
                    0.07049379512541126,
                    -0.02937437884822156
                ],
                [
                    0.07509900240392581,
                    -0.07075040370891669,
                    0.994663018420289,
                    -2.6252814128599353
                ],
                [
                    0.0,
                    0.0,
                    0.0,
                    1.0
                ]
            ]
        },
        {
            "step": 9,
            "franka_qpos": [
                -0.025017043124538674,
                -1.2372106069488298,
                0.02921536786128165,
                -2.434122513966496,
                0.036383544021329595,
                1.1138340465057883,
                0.07476564359846627
            ],
            "tendon_lengths": [
                0.09999837041941721,
                0.1001799408051845,
                0.0998216887753983,
                0.2002550800381756,
                0.1999306439347069,
                0.19981427602711754,
                0.30025488714200377,
                0.2998039072913931,
                0.29994120556660325
            ],
            "clark_coords": [
                -1.6295805827977603e-06,
                0.00020683690583478222,
                0.00018894262485440007,
                -2.1112703605763547e-05,
                8.779220846305438e-06,
                -4.619580039762678e-06
            ],
            "base_SE3": [
                [
                    0.996508681929747,
                    -3.251638815889805e-05,
                    -0.0834891955963299,
                    0.1966697363066895
                ],
                [
                    0.006427351700000599,
                    0.9970621133923037,
                    0.07632713271043924,
                    -0.024684779270376902
                ],
                [
                    0.08324143192402587,
                    -0.0765972648360045,
                    0.9935812614129156,
                    -2.58320550242086
                ],
                [
                    0.0,
                    0.0,
                    0.0,
                    1.0
                ]
            ]
        },
        {
            "step": 10,
            "franka_qpos": [
                -0.028060629753403177,
                -1.214666664338288,
                0.030569211152968734,
                -2.419984317154307,
                0.03750422987070712,
                1.114089129448324,
                0.07884188403344883
            ],
            "tendon_lengths": [
                0.09999818935490801,
                0.1002046699723819,
                0.09979714067271012,
                0.20028253699670417,
                0.19992040820069415,
                0.1997970548026017,
                0.30027661872799055,
                0.29978468463742586,
                0.2999386966345837
            ],
            "clark_coords": [
                -1.8106450919975112e-06,
                0.0002352871508681653,
                0.0002108855544631067,
                -3.234169747803723e-05,
                6.2399754423204885e-06,
                -7.845514532150019e-06
            ],
            "base_SE3": [
                [
                    0.9957937443318693,
                    0.0008384104129598559,
                    -0.09161940742820375,
                    0.2145598957541049
                ],
                [
                    0.006719351016490296,
                    0.996597225052577,
                    0.082151210212751,
                    -0.01998545513160489
                ],
                [
                    0.09137652363398895,
                    -0.08242128417758281,
                    0.9923996487519959,
                    -2.5410138565286147
                ],
                [
                    0.0,
                    0.0,
                    0.0,
                    1.0
                ]
            ]
        },
        {
            "step": 11,
            "franka_qpos": [
                -0.027863626378465955,
                -1.2436459702449503,
                0.031849545299104776,
                -2.460109463580788,
                0.03808136155011477,
                1.150509690687211,
                0.07839745543262788
            ],
            "tendon_lengths": [
                0.09999818935490801,
                0.1002046699723819,
                0.09979714067271012,
                0.20028253699670417,
                0.19992040820069415,
                0.1997970548026017,
                0.30027661872799055,
                0.29978468463742586,
                0.2999386966345837
            ],
            "clark_coords": [
                -1.8106450919975112e-06,
                0.0002352871508681653,
                0.0002108855544631067,
                -3.234169747803723e-05,
                6.2399754423204885e-06,
                -7.845514532150019e-06
            ],
            "base_SE3": [
                [
                    0.997789484134958,
                    -0.0003561784361440466,
                    -0.0664531299986419,
                    0.14654855682066237
                ],
                [
                    0.005840016410030417,
                    0.9965866963350636,
                    0.08234592215947134,
                    -0.020451517477659966
                ],
                [
                    0.06619697544469347,
                    -0.08255198256180629,
                    0.9943858057198374,
                    -2.517241818783292
                ],
                [
                    0.0,
                    0.0,
                    0.0,
                    1.0
                ]
            ]
        },
        {
            "step": 12,
            "franka_qpos": [
                -0.02196128722057944,
                -1.230571579835722,
                0.024312695761072423,
                -2.4535912445396137,
                0.02850279479426243,
                1.1521063416294952,
                0.06404123924365068
            ],
            "tendon_lengths": [
                0.09997396452981624,
                0.10019864583843727,
                0.0998273896317465,
                0.20028906315285974,
                0.19987893545224963,
                0.19983200139489068,
                0.3002823989692592,
                0.29971378624610373,
                0.3000038147846372
            ],
            "clark_coords": [
                -2.60354701837554e-05,
                0.00021434487087123176,
                0.0002628226028351656,
                -4.634597583920557e-05,
                4.942622737690331e-05,
                -7.1575401678199865e-06
            ],
            "base_SE3": [
                [
                    0.9974660425092831,
                    0.0006750951103201173,
                    -0.0711409747435405,
                    0.1520521063184495
                ],
                [
                    0.004163137507708344,
                    0.9976876053889284,
                    0.0678388556757731,
                    -0.0078117494810234205
                ],
                [
                    0.07102226641667356,
                    -0.06796312455956156,
                    0.9951566968940821,
                    -2.489653406143066
                ],
                [
                    0.0,
                    0.0,
                    0.0,
                    1.0
                ]
            ]
        },
        {
            "step": 13,
            "franka_qpos": [
                -0.01606644044509098,
                -1.2173555164532435,
                0.016717762573897677,
                -2.446899502315176,
                0.019076828177744698,
                1.153740301931875,
                0.04966400895115797
            ],
            "tendon_lengths": [
                0.0999497397047245,
                0.10019262170449263,
                0.0998576385907829,
                0.20029558930901528,
                0.19983746270380512,
                0.19986694798717966,
                0.3002881792105278,
                0.2996428878547816,
                0.3000689329346907
            ],
            "clark_coords": [
                -5.026029527551329e-05,
                0.00019340259087429818,
                0.00031475965120722444,
                -6.035025420037391e-05,
                9.261247931148613e-05,
                -6.469565803489954e-06
            ],
            "base_SE3": [
                [
                    0.9971189773042208,
                    0.001473776417825032,
                    -0.07583912633235317,
                    0.1574999802346622
                ],
                [
                    0.0025817575902630356,
                    0.9985725549546252,
                    0.05334966746978295,
                    0.004755748988613982
                ],
                [
                    0.0758094956290403,
                    -0.05339176410703777,
                    0.9956918398269663,
                    -2.4614938776975226
                ],
                [
                    0.0,
                    0.0,
                    0.0,
                    1.0
                ]
            ]
        },
        {
            "step": 14,
            "franka_qpos": [
                -0.010178379477593591,
                -1.203983595459785,
                0.009065721249944758,
                -2.4400137452278785,
                0.009808412989803728,
                1.1553958873853007,
                0.03526462085456883
            ],
            "tendon_lengths": [
                0.09992551487963273,
                0.100186597570548,
                0.09988788754981928,
                0.20030211546517082,
                0.1997959899553606,
                0.1999018945794686,
                0.30029395945179643,
                0.2995719894634595,
                0.3001340510847442
            ],
            "clark_coords": [
                -7.448512036727118e-05,
                0.0001724603108773646,
                0.00036669669957928335,
                -7.435453256154224e-05,
                0.00013579873124606895,
                -5.781591439159921e-06
            ],
            "base_SE3": [
                [
                    0.9967483961044445,
                    0.0020399005698227357,
                    -0.08055106249381097,
                    0.1629182041855282
                ],
                [
                    0.0010972594680873763,
                    0.9992431767648365,
                    0.038882768813152155,
                    0.017248542222275783
                ],
                [
                    0.08056941656035681,
                    -0.038844722866595176,
                    0.9959917954584468,
                    -2.4327639330553135
                ],
                [
                    0.0,
                    0.0,
                    0.0,
                    1.0
                ]
            ]
        },
        {
            "step": 15,
            "franka_qpos": [
                -0.0042961622987851555,
                -1.1904420025237512,
                0.0013576832635582292,
                -2.432913313851753,
                0.0007027982879082018,
                1.1570567911145133,
                0.02084162990308691
            ],
            "tendon_lengths": [
                0.09990129005454097,
                0.10018057343660337,
                0.09991813650885567,
                0.20030864162132636,
                0.1997545172069161,
                0.19993684117175758,
                0.30029973969306506,
                0.29950109107213735,
                0.3001991692347977
            ],
            "clark_coords": [
                -9.870994545902907e-05,
                0.00015151803088043106,
                0.00041863374795134215,
                -8.835881092271058e-05,
                0.00017898498318065178,
                -5.093617074829888e-06
            ],
            "base_SE3": [
                [
                    0.9963541754346877,
                    0.0023731626768217426,
                    -0.08528027434742673,
                    0.16833286437265924
                ],
                [
                    -0.0002890451187841209,
                    0.9997011959251857,
                    0.024442490026030553,
                    0.029664306612797505
                ],
                [
                    0.08531279825900892,
                    -0.024328727148427563,
                    0.996057146698198,
                    -2.4034645383435955
                ],
                [
                    0.0,
                    0.0,
                    0.0,
                    1.0
                ]
            ]
        },
        {
            "step": 16,
            "franka_qpos": [
                0.0015813728984488407,
                -1.1767173554858024,
                -0.006405115407833062,
                -2.4255774041843017,
                -0.008234466339291924,
                1.158706059472113,
                0.006393274723616393
            ],
            "tendon_lengths": [
                0.09987706522944922,
                0.10017454930265873,
                0.09994838546789206,
                0.20031516777748193,
                0.19971304445847154,
                0.19997178776404656,
                0.3003055199343337,
                0.2994301926808152,
                0.3002642873848512
            ],
            "clark_coords": [
                -0.00012293477055078697,
                0.0001305757508834975,
                0.00047057079632340106,
                -0.00010236308928387892,
                0.0002221712351152346,
                -4.405642710499854e-06
            ],
            "base_SE3": [
                [
                    0.9959359623865645,
                    0.002472919217542194,
                    -0.09003023656356629,
                    0.17377001442245238
                ],
                [
                    -0.001575915867912731,
                    0.9999484255869013,
                    0.010033078064803467,
                    0.04200083003589973
                ],
                [
                    0.09005040429851185,
                    -0.009850423179777112,
                    0.9958884946864552,
                    -2.3735969273468
                ],
                [
                    0.0,
                    0.0,
                    0.0,
                    1.0
                ]
            ]
        },
        {
            "step": 17,
            "franka_qpos": [
                0.007455582825027562,
                -1.1627967321666177,
                -0.014221337340549756,
                -2.4179851173527167,
                -0.01699754584755242,
                1.1603261266941498,
                -0.00808254078507531
            ],
            "tendon_lengths": [
                0.09985284040435746,
                0.1001685251687141,
                0.09997863442692845,
                0.20032169393363747,
                0.19967157171002703,
                0.20000673435633554,
                0.30031130017560237,
                0.29935929428949304,
                0.3003294055349047
            ],
            "clark_coords": [
                -0.00014715959564254484,
                0.00010963347088656395,
                0.0005225078446954599,
                -0.00011636736764504728,
                0.0002653574870498174,
                -3.717668346169822e-06
            ],
            "base_SE3": [
                [
                    0.9954931756918052,
                    0.0023381917142525897,
                    -0.09480437759171165,
                    0.17925558222902396
                ],
                [
                    -0.0027621842197820706,
                    0.9999867616141512,
                    -0.00434130565363386,
                    0.054256011123660075
                ],
                [
                    0.09479297172987268,
                    0.004583607307534843,
                    0.9954864554852918,
                    -2.3431626001347485
                ],
                [
                    0.0,
                    0.0,
                    0.0,
                    1.0
                ]
            ]
        },
        {
            "step": 18,
            "franka_qpos": [
                0.013327991134505002,
                -1.1486676924854604,
                -0.022089568845200525,
                -2.4101155081812626,
                -0.025580337193015446,
                1.1618988532812153,
                -0.022588264868306673
            ],
            "tendon_lengths": [
                0.0998286155792657,
                0.10016250103476947,
                0.10000888338596484,
                0.200328220089793,
                0.19963009896158251,
                0.20004168094862448,
                0.300317080416871,
                0.2992883958981709,
                0.3003945236849582
            ],
            "clark_coords": [
                -0.00017138442073430271,
                8.869119088963039e-05,
                0.0005744448930675187,
                -0.00013037164600621556,
                0.00030854373898440025,
                -3.029693981839789e-06
            ],
            "base_SE3": [
                [
                    0.9950250062393251,
                    0.0019676727167447557,
                    -0.09960605013005447,
                    0.18481527727815997
                ],
                [
                    -0.003846753604390656,
                    0.9998181772590277,
                    -0.018676587192072984,
                    0.06642785843538689
                ],
                [
                    0.09955119007394263,
                    0.01896683121967863,
                    0.9948516572174698,
                    -2.312163319185515
                ],
                [
                    0.0,
                    0.0,
                    0.0,
                    1.0
                ]
            ]
        },
        {
            "step": 19,
            "franka_qpos": [
                0.01920025752584298,
                -1.1343182942456398,
                -0.030008347145121572,
                -2.4019476320280964,
                -0.033976489087760964,
                1.1634055679479296,
                -0.03712671436259818
            ],
            "tendon_lengths": [
                0.09980439075417394,
                0.10015647690082484,
                0.10003913234500124,
                0.20033474624594858,
                0.199588626213138,
                0.20007662754091346,
                0.3003228606581396,
                0.2992174975068488,
                0.3004596418350117
            ],
            "clark_coords": [
                -0.00019560924582606064,
                6.774891089269682e-05,
                0.0006263819414395776,
                -0.00014437592436738393,
                0.00035172999091898305,
                -2.3417196175097557e-06
            ],
            "base_SE3": [
                [
                    0.9945304170420052,
                    0.0013597340578645931,
                    -0.10443850200738806,
                    0.19047449892670773
                ],
                [
                    -0.00482859963219912,
                    0.9994447178570051,
                    -0.03296878179919967,
                    0.07851448953008786
                ],
                [
                    0.10433568039672361,
                    0.033292748024505193,
                    0.9939847376721281,
                    -2.2806011030430318
                ],
                [
                    0.0,
                    0.0,
                    0.0,
                    1.0
                ]
            ]
        },
        {
            "step": 20,
            "franka_qpos": [
                0.025074144019884947,
                -1.1197371020016105,
                -0.03797618946151893,
                -2.3934605892841687,
                -0.042179423986076436,
                1.1648271129073224,
                -0.05170109005528989
            ],
            "tendon_lengths": [
                0.09978016592908219,
                0.10015045276688021,
                0.10006938130403763,
                0.20034127240210411,
                0.19954715346469348,
                0.20011157413320244,
                0.30032864089940825,
                0.29914659911552666,
                0.3005247599850652
            ],
            "clark_coords": [
                -0.00021983407091781852,
                4.6806630895763256e-05,
                0.0006783189898116365,
                -0.00015838020272855227,
                0.0003949162428535659,
                -1.6537452531797227e-06
            ],
            "base_SE3": [
                [
                    0.9940081426675104,
                    0.0005124373323519395,
                    -0.10930484764486274,
                    0.1962582461043118
                ],
                [
                    -0.005706770232434487,
                    0.9988684955555487,
                    -0.04721399538387354,
                    0.09051412994382835
                ],
                [
                    0.10915697451010832,
                    0.047554873510237024,
                    0.9928863423983755,
                    -2.2484782175833016
                ],
                [
                    0.0,
                    0.0,
                    0.0,
                    1.0
                ]
            ]
        },
        {
            "step": 21,
            "franka_qpos": [
                0.030951478674337007,
                -1.1049131884940024,
                -0.04599162384938493,
                -2.384633566914298,
                -0.0501823621595614,
                1.1661438921755893,
                -0.06631499099074745
            ],
            "tendon_lengths": [
                0.09975594110399043,
                0.10014442863293557,
                0.10009963026307402,
                0.20034779855825965,
                0.19950568071624897,
                0.2001465207254914,
                0.3003344211406769,
                0.29907570072420453,
                0.3005898781351187
            ],
            "clark_coords": [
                -0.0002440588960095764,
                2.5864350898829706e-05,
                0.0007302560381836953,
                -0.00017238448108972061,
                0.0004381024947881487,
                -9.657708888496899e-07
            ],
            "base_SE3": [
                [
                    0.993456688155687,
                    -0.0005764534599564056,
                    -0.1142080402604964,
                    0.20219102889211268
                ],
                [
                    -0.006480385741670602,
                    0.9980916840883466,
                    -0.06140842576005236,
                    0.10242511207439349
                ],
                [
                    0.11402549433952838,
                    0.061746723436124216,
