{
    "info": {
        "num_points": 271,
        "clark_scale": 45,
        "T_FRANK_TDCR": [
            [
                2.220446049250313e-16,
                -0.0,
                -1.0,
                -0.028
            ],
            [
                0.0,
                1.0,
                -0.0,
                0.0
            ],
            [
                1.0,
                0.0,
                2.220446049250313e-16,
                -0.132
            ],
            [
                0.0,
                0.0,
                0.0,
                1.0
            ]
        ],
        "tdcr_config": {
            "tendon_distance_mm": 4.5,
            "clark_speed_scale": 0.0005,
            "angle_offset_rad_ccw": [
                0,
                0.5236,
                1.0472
            ],
            "fps": 30
        }
    },
    "raw_joint_trajectory": [
        {
            "step": 0,
            "franka_qpos": [
                -0.22377566999511522,
                -1.1547829481677692,
                0.08331183243649765,
                -2.3848590925500246,
                0.0776813805719061,
                1.221214502010584,
                0.6182205641130856
            ],
            "tendon_lengths": [
                0.06590746211167126,
                0.06600026938178152,
                0.05936709935116889,
                0.1275003803280927,
                0.1289275415662726,
                0.12721278149151957,
                0.19311635103622368,
                0.19234097003092748,
                0.1901984670230148
            ],
            "clark_coords": [
                0.0021491851634640293,
                0.0038296625027547603,
                -0.0029731579057341367,
                -0.0031622105411858534,
                0.0003682612827110817,
                0.0010171880429786248
            ],
            "base_SE3": [
                [
                    0.9999333363429829,
                    0.0010256297466719189,
                    -0.011500910990639527,
                    0.6885021598340392
                ],
                [
                    -0.0010596670392290994,
                    0.9999950759937681,
                    -0.002953827006577092,
                    -0.022433275123415725
                ],
                [
                    0.011497824827237605,
                    0.0029658172299644875,
                    0.9999294994910394,
                    -1.3072424619856025
                ],
                [
                    0.0,
                    0.0,
                    0.0,
                    1.0
                ]
            ]
        },
        {
            "step": 1,
            "franka_qpos": [
                -0.22386677562207558,
                -1.1523073449121375,
                0.08236473631150076,
                -2.379761992730717,
                0.0778628862067432,
                1.2187906686740586,
                0.618051775946252
            ],
            "tendon_lengths": [
                0.06583582260622245,
                0.06592553630066238,
                0.05951347193773684,
                0.127513042132555,
                0.12889263132946222,
                0.12723502992386765,
                0.1930753147582403,
                0.19232577978645396,
                0.1902546935454717
            ],
            "clark_coords": [
                0.0020775456580152283,
                0.0037020070859962685,
                -0.0028740526422096654,
                -0.0030568035231463247,
                0.00035598590662071233,
                0.0009832817748793373
            ],
            "base_SE3": [
                [
                    0.9999384791616536,
                    2.6941031216344558e-05,
                    -0.011092211955202751,
                    0.7136440929268827
                ],
                [
                    -6.132184232748167e-05,
                    0.9999951955363519,
                    -0.0030992166500275337,
                    -0.0211064402367116
                ],
                [
                    0.011092075166981045,
                    0.0030997061784935886,
                    0.9999336766456544,
                    -1.3075126722829926
                ],
                [
                    0.0,
                    0.0,
                    0.0,
                    1.0
                ]
            ]
        },
        {
            "step": 2,
            "franka_qpos": [
                -0.22397125551042185,
                -1.1497763830687298,
                0.08147408855761018,
                -2.3746253880744796,
                0.07803422045772601,
                1.2163981091680611,
                0.6179204626390646
            ],
            "tendon_lengths": [
                0.06576418310077366,
                0.06585080321954324,
                0.059659844524304784,
                0.1275257039370173,
                0.12885772109265187,
                0.12725727835621573,
                0.1930342784802569,
                0.19231058954198044,
                0.1903109200679286
            ],
            "clark_coords": [
                0.0020059061525664274,
                0.0035743516692377767,
                -0.0027749473786851946,
                -0.0029513965051067965,
                0.0003437105305303429,
                0.0009493755067800497
            ],
            "base_SE3": [
                [
                    0.9999425451322177,
                    -0.000908919532313486,
                    -0.0106808379720157,
                    0.738878406552081
                ],
                [
                    0.0008746651514244599,
                    0.9999944611735024,
                    -0.0032113210968956335,
                    -0.019793834882881806
                ],
                [
                    0.010683697645176777,
                    0.0032017944341044685,
                    0.9999378016241941,
                    -1.3075001898931877
                ],
                [
                    0.0,
                    0.0,
                    0.0,
                    1.0
                ]
            ]
        },
        {
            "step": 3,
            "franka_qpos": [
                -0.2240886960054067,
                -1.1471906112616055,
                0.08063932299429499,
                -2.3694499883889173,
                0.07819403656843749,
                1.2140371544632487,
                0.6178249958258877
            ],
            "tendon_lengths": [
                0.06569254359532485,
                0.0657760701384241,
                0.05980621711087273,
                0.12753836574147956,
                0.1288228108558415,
                0.12727952678856377,
                0.1929932422022735,
                0.1922953992975069,
                0.19036714659038553
            ],
            "clark_coords": [
                0.0019342666471176264,
                0.003446696252479285,
                -0.0026758421151607233,
                -0.002845989487067268,
                0.00033143515443997355,
                0.0009154692386807622
            ],
            "base_SE3": [
                [
                    0.9999457079555889,
                    -0.0017813900411667721,
                    -0.010266829633222212,
                    0.7642016288577689
                ],
                [
                    0.0017476779296662082,
                    0.9999930553660581,
                    -0.003291632043571191,
                    -0.01849575027422387
                ],
                [
                    0.010272622014390201,
                    0.0032735102225804336,
                    0.9999418769947443,
                    -1.3072039608794161
                ],
                [
                    0.0,
                    0.0,
                    0.0,
                    1.0
                ]
            ]
        },
        {
            "step": 4,
            "franka_qpos": [
                -0.2242186852329855,
                -1.1445505554166322,
                0.0798598853632484,
                -2.3642365066342537,
                0.07834100751680761,
                1.2117081003929648,
                0.6177637616798184
            ],
            "tendon_lengths": [
                0.06562090408987604,
                0.06570133705730495,
                0.059952589697440675,
                0.12755102754594186,
                0.12878790061903111,
                0.12730177522091185,
                0.19295220592429013,
                0.19228020905303342,
                0.19042337311284244
            ],
            "clark_coords": [
                0.001862627141668825,
                0.003319040835720792,
                -0.002576736851636252,
                -0.00274058246902774,
                0.00031915977834960413,
                0.0008815629705814748
            ],
            "base_SE3": [
                [
                    0.9999481308755646,
                    -0.002589938109147892,
                    -0.009850267968724673,
                    0.7896100352985692
                ],
                [
                    0.0025571317829996346,
                    0.9999911472255674,
                    -0.003341638451010029,
                    -0.017212562401575815
                ],
                [
                    0.009858835403295487,
                    0.003316276689855527,
                    0.9999459013733727,
                    -1.3066229217640248
                ],
                [
                    0.0,
                    0.0,
                    0.0,
                    1.0
                ]
            ]
        },
        {
            "step": 5,
            "franka_qpos": [
                -0.22436079793281705,
                -1.141856809550983,
                0.0791351448298685,
                -2.358985630051422,
                0.07847376524738658,
                1.2094112771502488,
                0.6177350732479132
            ],
            "tendon_lengths": [
                0.06554926458442725,
                0.0656266039761858,
                0.060098962284008614,
                0.12756368935040416,
                0.12875299038222077,
                0.12732402365325993,
                0.19291116964630672,
                0.1922650188085599,
                0.19047959963529934
            ],
            "clark_coords": [
                0.0017909876362200243,
                0.0031913854189623003,
                -0.0024776315881117807,
                -0.002635175450988211,
                0.0003068844022592347,
                0.0008476567024821872
            ],
            "base_SE3": [
                [
                    0.9999499681633034,
                    -0.0033340460390957685,
                    -0.009431081974955097,
                    0.8151006048146578
                ],
                [
                    0.003302458664123667,
                    0.9999888923504913,
                    -0.003362877102971659,
                    -0.015944377569747564
                ],
                [
                    0.009442189204887132,
                    0.0033315630936733426,
                    0.9999498716187587,
                    -1.3057562344712168
                ],
                [
                    0.0,
                    0.0,
                    0.0,
                    1.0
                ]
            ]
        },
        {
            "step": 6,
            "franka_qpos": [
                -0.2245146205447952,
                -1.1391098942137976,
                0.07846452731668396,
                -2.3536980616247756,
                0.07859099345740228,
                1.2071469471838112,
                0.6177373053277302
            ],
            "tendon_lengths": [
                0.06547762507897845,
                0.06555187089506666,
                0.06024533487057656,
                0.12757635115486646,
                0.1287180801454104,
                0.127346272085608,
                0.19287013336832334,
                0.19224982856408637,
                0.19053582615775624
            ],
            "clark_coords": [
                0.0017193481307712234,
                0.0030637300022038085,
                -0.0023785263245873095,
                -0.002529768432948683,
                0.0002946090261688654,
                0.0008137504343828998
            ],
            "base_SE3": [
                [
                    0.999951361677813,
                    -0.004013233824792507,
                    -0.009009341427392223,
                    0.8406695760123154
                ],
                [
                    0.003983130057712253,
                    0.9999864330078752,
                    -0.0033568549460980257,
                    -0.014691569443901875
                ],
                [
                    0.009022691041542527,
                    0.0033208062956659595,
                    0.9999537805778399,
                    -1.3046029283089853
                ],
                [
                    0.0,
                    0.0,
                    0.0,
                    1.0
                ]
            ]
        },
        {
            "step": 7,
            "franka_qpos": [
                -0.2246797347763434,
                -1.136310352877139,
                0.07784742689022961,
                -2.3483744934549264,
                0.07869136660320208,
                1.2049153745087082,
                0.6177688045876448
            ],
            "tendon_lengths": [
                0.06540598557352964,
                0.06547713781394753,
                0.060391707457144506,
                0.12758901295932876,
                0.12868316990860004,
                0.12736852051795605,
                0.19282909709033996,
                0.19223463831961285,
                0.19059205268021315
            ],
            "clark_coords": [
                0.0016477086253224222,
                0.002936074585445316,
                -0.002279421061062838,
                -0.0024243614149091542,
                0.0002823336500784959,
                0.0007798441662836122
            ],
            "base_SE3": [
                [
                    0.999952442474424,
                    -0.004627043411448668,
                    -0.008585060203739451,
                    0.8663134188221313
                ],
                [
                    0.004598641419489152,
                    0.9999838979725477,
                    -0.003325100408028775,
                    -0.013454417199499275
                ],
                [
                    0.008600307350799686,
                    0.003285462661039379,
                    0.9999576193262265,
                    -1.3031621434296354
                ],
                [
                    0.0,
                    0.0,
                    0.0,
                    1.0
                ]
            ]
        },
        {
            "step": 8,
            "franka_qpos": [
                -0.22485572106834617,
                -1.1334587274394496,
                0.07728322840151147,
                -2.3430156136305738,
                0.07877356634710742,
                1.2027168075424575,
                0.6178279129879014
            ],
            "tendon_lengths": [
                0.06533434606808085,
                0.06540240473282838,
                0.06053808004371245,
                0.12760167476379106,
                0.12864825967178967,
                0.12739076895030413,
                0.19278806081235655,
                0.19221944807513935,
                0.19064827920267005
            ],
            "clark_coords": [
                0.0015760691198736215,
                0.002808419168686825,
                -0.002180315797538367,
                -0.002318954396869626,
                0.00027005827398812656,
                0.0007459378981843248
            ],
            "base_SE3": [
                [
                    0.9999533298839621,
                    -0.0051750427874382825,
                    -0.008158246510540378,
                    0.8920285908112466
                ],
                [
                    0.005148516296347865,
                    0.9999814025466827,
                    -0.0032691498463895616,
                    -0.012233196791368167
                ],
                [
                    0.008175012778265385,
                    0.003226994409677754,
                    0.9999613770907143,
                    -1.3014330691940723
                ],
                [
                    0.0,
                    0.0,
                    0.0,
                    1.0
                ]
            ]
        },
        {
            "step": 9,
            "franka_qpos": [
                -0.22504216366750418,
                -1.1305555418110593,
                0.07677132910311846,
                -2.3376221182973778,
                0.07883629616896215,
                1.2005514652332625,
                0.6179129897763143
            ],
            "tendon_lengths": [
                0.06526270656263204,
                0.06532767165170923,
                0.06068445263028039,
                0.12761433656825336,
                0.1286133494349793,
                0.1274130173826522,
                0.19274702453437317,
                0.19220425783066583,
                0.19070450572512695
            ],
            "clark_coords": [
                0.0015044296144248203,
                0.002680763751928332,
                -0.0020812105340138956,
                -0.0022135473788300972,
                0.00025778289789775714,
                0.0007120316300850372
            ],
            "base_SE3": [
                [
                    0.9999541307828238,
                    -0.005656828237922101,
                    -0.0077289471891230825,
                    0.9178112988227397
                ],
                [
                    0.00563230859537343,
                    0.999979048574906,
                    -0.0031905346120675374,
                    -0.011028265648879598
                ],
                [
                    0.007746833562952652,
                    0.003146856449056025,
                    0.9999650413210631,
                    -1.2994148977572277
                ],
                [
                    0.0,
                    0.0,
                    0.0,
                    1.0
                ]
            ]
        },
        {
            "step": 10,
            "franka_qpos": [
                -0.22523863325492632,
                -1.1276013698406264,
                0.07631105419191853,
                -2.3321946653942547,
                0.07887822711128223,
                1.1984195952105932,
                0.6180223261283735
            ],
            "tendon_lengths": [
                0.06519106705718325,
                0.06525293857059009,
                0.060830825216848336,
                0.12762699837271566,
                0.12857843919816894,
                0.12743526581500025,
                0.1927059882563898,
                0.1921890675861923,
                0.19076073224758386
            ],
            "clark_coords": [
                0.0014327901089760198,
                0.0025531083351698408,
                -0.0019821052704894248,
                -0.002108140360790569,
                0.00024550752180738783,
                0.0006781253619857499
            ],
            "base_SE3": [
                [
                    0.9999549406837978,
                    -0.006072015096810542,
                    -0.007297070283926433,
                    0.9436584662214856
                ],
                [
                    0.0060495935624564345,
                    0.9999769243253276,
                    -0.003090830728056833,
                    -0.00983971933988409
                ],
                [
                    0.0073156694699489586,
                    0.0030465471479232953,
                    0.9999685992723393,
                    -1.2971070149016564
                ],
                [
                    0.0,
                    0.0,
                    0.0,
                    1.0
                ]
            ]
        },
        {
            "step": 11,
            "franka_qpos": [
                -0.22544471308198055,
                -1.1245967310253855,
                0.07590178596891661,
                -2.3267339444038595,
                0.07889808263662434,
                1.1963213860262245,
                0.6181542752672118
            ],
            "tendon_lengths": [
                0.06511942755173444,
                0.06517820548947095,
                0.06097719780341628,
                0.12763966017717795,
                0.12854352896135857,
                0.12745751424734833,
                0.19266495197840638,
                0.19217387734171879,
                0.19081695877004076
            ],
            "clark_coords": [
                0.0013611506035272184,
                0.002425452918411348,
                -0.001883000006964953,
                -0.0020027333427510403,
                0.00023323214571701839,
                0.0006442190938864623
            ],
            "base_SE3": [
                [
                    0.999955841182485,
                    -0.006420252204900858,
                    -0.0068626559475768786,
                    0.9695662699347564
                ],
                [
                    0.006399982038035167,
                    0.9999751046538831,
                    -0.0029715824688834186,
                    -0.008667912749346335
                ],
                [
                    0.006881563408279715,
                    0.0029275303725177296,
                    0.9999720364345077,
                    -1.2945087080238047
                ],
                [
                    0.0,
                    0.0,
                    0.0,
                    1.0
                ]
            ]
        },
        {
            "step": 12,
            "franka_qpos": [
                -0.22565998148832644,
                -1.121542161995908,
                0.07554287740759147,
                -2.321240630666942,
                0.07889458265657012,
                1.1942570271406785,
                0.6183071661638975
            ],
            "tendon_lengths": [
                0.06504778804628564,
                0.0651034724083518,
                0.06112357038998423,
                0.12765232198164025,
                0.1285086187245482,
                0.1274797626796964,
                0.192623915700423,
                0.1921586870972453,
                0.19087318529249767
            ],
            "clark_coords": [
                0.0012895110980784175,
                0.0022977975016528563,
                -0.001783894743440482,
                -0.0018973263247115122,
                0.000220956769626649,
                0.0006103128257871748
            ],
            "base_SE3": [
                [
                    0.9999569011777305,
                    -0.006701211906955919,
                    -0.006425694204419127,
                    0.9955311267221496
                ],
                [
                    0.006683110685132738,
                    0.999973650890443,
                    -0.002834352908294327,
                    -0.007513108238610816
                ],
                [
                    0.006444518492556102,
                    0.002791287125425111,
                    0.9999753381446876,
                    -1.2916193654190777
                ],
                [
                    0.0,
                    0.0,
                    0.0,
                    1.0
                ]
            ]
        },
        {
            "step": 13,
            "franka_qpos": [
                -0.22588401666496472,
                -1.118438198334962,
                0.07523367434460715,
                -2.315715397113818,
                0.07886645878948251,
                1.1922266941550896,
                0.6184793257662338
            ],
            "tendon_lengths": [
                0.06497614854083684,
                0.06502873932723266,
                0.06126994297655217,
                0.12766498378610255,
                0.12847370848773784,
                0.12750201111204446,
                0.19258287942243962,
                0.19214349685277177,
                0.19092941181495457
            ],
            "clark_coords": [
                0.0012178715926296165,
                0.0021701420848943644,
                -0.0016847894799160107,
                -0.0017919193066719837,
                0.0002086813935362796,
                0.0005764065576878873
            ],
            "base_SE3": [
                [
                    0.9999581762035583,
                    -0.006914592662341321,
                    -0.005986171728704163,
                    1.021549445362718
                ],
                [
                    0.006898644611487752,
                    0.9999726108716578,
                    -0.002680710548064881,
                    -0.006375564582248139
                ],
                [
                    0.006004543794163957,
                    0.002639301959232926,
                    0.9999784895381452,
                    -1.2884384255547339
                ],
                [
                    0.0,
                    0.0,
                    0.0,
                    1.0
                ]
            ]
        },
        {
            "step": 14,
            "franka_qpos": [
                -0.2261164003082663,
                -1.115285365107253,
                0.07497353524267192,
                -2.31015893069782,
                0.07881246713523948,
                1.1902305386744363,
                0.6186690991945301
            ],
            "tendon_lengths": [
                0.06490450903538804,
                0.06495400624611351,
                0.06141631556312011,
                0.12767764559056485,
                0.12843879825092747,
                0.12752425954439253,
                0.19254184314445622,
                0.19212830660829824,
                0.1909856383374115
            ],
            "clark_coords": [
                0.0011462320871808154,
                0.002042486668135872,
                -0.0015856842163915396,
                -0.0016865122886324552,
                0.00019640601744591024,
                0.0005425002895885999
            ],
            "base_SE3": [
                [
                    0.999959707962957,
                    -0.007060120059595011,
                    -0.00554410997203294,
                    1.0476173969581133
                ],
                [
                    0.00704627841202886,
                    0.9999720189717932,
                    -0.0025122169525256255,
                    -0.005255614572091172
                ],
                [
                    0.005561691395436023,
                    0.002473050387777259,
                    0.999981475633725,
                    -1.284965343230807
                ],
                [
                    0.0,
                    0.0,
                    0.0,
                    1.0
                ]
            ]
        },
        {
            "step": 15,
            "franka_qpos": [
                -0.2263567024287445,
                -1.112084216650186,
                0.07476175348855918,
                -2.3045718681455623,
                0.07873134078702648,
                1.1882687319296164,
                0.6188747706251729
            ],
            "tendon_lengths": [
                0.06483286952993923,
                0.06487927316499438,
                0.06156268814968806,
                0.12769030739502715,
                0.12840388801411712,
                0.1275465079767406,
                0.19250080686647283,
                0.19211311636382472,
                0.1910418648598684
            ],
            "clark_coords": [
                0.0010745925817320146,
                0.0019148312513773802,
                -0.0014865789528670684,
                -0.0015811052705929267,
                0.00018413064135554085,
                0.0005085940214893124
            ],
            "base_SE3": [
                [
                    0.9999615249997087,
                    -0.007137542508469057,
                    -0.005099412436300016,
                    1.0737318501757682
                ],
                [
                    0.007125732028571405,
                    0.9999718960216211,
                    -0.0023304741963205977,
                    -0.004153349247436128
                ],
                [
                    0.005115902981164339,
                    0.0022940474848009984,
                    0.9999842823178889,
                    -1.28119972943179
                ],
                [
                    0.0,
                    0.0,
                    0.0,
                    1.0
                ]
            ]
        },
        {
            "step": 16,
            "franka_qpos": [
                -0.2266045048970189,
                -1.1088352746997874,
                0.07459767633121706,
                -2.298954893041988,
                0.07862186442366426,
                1.186341398720236,
                0.6190946849218335
            ],
            "tendon_lengths": [
                0.06476123002449044,
                0.06480454008387523,
                0.061709060736256004,
                0.12770296919948945,
                0.12836897777730674,
                0.12756875640908866,
                0.19245977058848945,
                0.19209792611935123,
                0.1910980913823253
            ],
            "clark_coords": [
                0.0010029530762832137,
                0.0017871758346188883,
                -0.0013874736893425973,
                -0.0014756982525533982,
                0.00017185526526517146,
                0.00047468775339002485
            ],
            "base_SE3": [
                [
                    0.9999636411075432,
                    -0.007146638106004874,
                    -0.004652099174285806,
                    1.099888952737635
                ],
                [
                    0.007136757491097698,
                    0.9999722494662114,
                    -0.0021370517073232426,
                    -0.0030690988782749035
                ],
                [
                    0.004667242811216489,
                    0.0021037731028586484,
                    0.9999868954057719,
                    -1.277141135847838
                ],
                [
                    0.0,
                    0.0,
                    0.0,
                    1.0
                ]
            ]
        },
        {
            "step": 17,
            "franka_qpos": [
                -0.22685939005180478,
                -1.105539066564039,
                0.07448064399055498,
                -2.2933086920344614,
                0.07848283673358214,
                1.1844486554691285,
                0.6193271857359353
            ],
            "tendon_lengths": [
                0.06468959051904163,
                0.06472980700275609,
                0.06185543332282395,
                0.12771563100395175,
                0.12833406754049637,
                0.12759100484143673,
                0.19241873431050605,
                0.1920827358748777,
                0.1911543179047822
            ],
            "clark_coords": [
                0.0009313135708344125,
                0.001659520417860396,
                -0.001288368425818126,
                -0.00137029123451387,
                0.00015957988917480206,
                0.0004407814852907374
            ],
            "base_SE3": [
                [
                    0.999966055978236,
                    -0.007087210195308526,
                    -0.004202183120269399,
                    1.1260848548037616
                ],
                [
                    0.007079134638035046,
                    0.9999730733088475,
                    -0.0019335227002497055,
                    -0.002003183820605922
                ],
                [
                    0.004215773251176461,
                    0.0019037092486310359,
                    0.9999893015162656,
                    -1.2727891747569215
                ],
                [
                    0.0,
                    0.0,
                    0.0,
                    1.0
                ]
            ]
        },
        {
            "step": 18,
            "franka_qpos": [
                -0.22712092820251062,
                -1.1021961355092107,
                0.07440993312746924,
                -2.2876338895070645,
                0.07831303650516741,
                1.1825906312092105,
                0.6195705576825348
            ],
            "tendon_lengths": [
                0.06461795101359284,
                0.06465507392163694,
                0.06200180590939189,
                0.12772829280841405,
                0.12829915730368602,
                0.1276132532737848,
                0.19237769803252266,
                0.19206754563040418,
                0.19121054442723912
            ],
            "clark_coords": [
                0.0008596740653856117,
                0.0015318650011019043,
                -0.0011892631622936547,
                -0.0012648842164743415,
                0.0001473045130844327,
                0.0004068752171914499
            ],
            "base_SE3": [
                [
                    0.9999687554321617,
                    -0.006959086655336025,
                    -0.0037495696259180603,
                    1.152316424292563
                ],
                [
                    0.006952670491037927,
                    0.9999743480766561,
                    -0.0017214998438401033,
                    -0.0009556847349962705
                ],
                [
                    0.003761453508835845,
                    0.0016953765342292287,
                    0.9999914885467328,
                    -1.2681435969915766
                ],
                [
                    0.0,
                    0.0,
                    0.0,
                    1.0
                ]
            ]
        },
        {
            "step": 19,
            "franka_qpos": [
                -0.22738870272390965,
                -1.0988070054957557,
                0.07438487470329891,
                -2.281931169954257,
                0.07811129586440302,
                1.1807674172554634,
                0.619823147046707
            ],
            "tendon_lengths": [
                0.06454631150814404,
                0.0645803408405178,
                0.062148178495959834,
                0.12774095461287635,
                0.12826424706687564,
                0.12763550170613286,
                0.19233666175453928,
                0.19205235538593066,
                0.19126677094969602
            ],
            "clark_coords": [
                0.0007880345599368107,
                0.0014042095843434124,
                -0.0010901578987691834,
                -0.001159477198434813,
                0.00013502913699406328,
                0.0003729689490921624
            ],
            "base_SE3": [
                [
                    0.9999717103223712,
                    -0.0067621232977739705,
                    -0.003294274344619012,
                    1.1785797918823318
                ],
                [
                    0.0067572025933318215,
                    0.9999760409740825,
                    -0.0015025614505736473,
                    7.307968391061237e-05
                ],
                [
                    0.0033043559228058722,
                    0.001480258864449982,
                    0.9999934450113309,
                    -1.2632041122370228
                ],
                [
                    0.0,
                    0.0,
                    0.0,
                    1.0
                ]
            ]
        },
        {
            "step": 20,
            "franka_qpos": [
                -0.22766229745337707,
                -1.0953722078718466,
                0.07440479252441046,
                -2.276201222445268,
                0.07787646296390083,
                1.178979100054855,
                0.6200833000957724
            ],
            "tendon_lengths": [
                0.06447467200269523,
                0.06450560775939866,
                0.06229455108252778,
                0.12775361641733865,
                0.12822933683006527,
                0.12765775013848094,
                0.19229562547655588,
                0.19203716514145716,
                0.19132299747215292
            ],
            "clark_coords": [
                0.0007163950544880099,
                0.0012765541675849204,
                -0.0009910526352447124,
                -0.0010540701803952845,
                0.00012275376090369392,
                0.00033906268099287494
            ],
            "base_SE3": [
                [
                    0.9999748770590341,
                    -0.006496201108951717,
                    -0.002836304272021947,
                    1.2048711032044581
                ],
                [
                    0.006492596379515958,
                    0.99997810584634,
                    -0.001278288003792042,
                    0.001082805719006083
                ],
                [
                    0.002844546189488202,
                    0.0012598409105902576,
                    0.9999951606672194,
                    -1.2579704917539416
                ],
                [
                    0.0,
                    0.0,
                    0.0,
                    1.0
                ]
            ]
        },
        {
            "step": 21,
            "franka_qpos": [
                -0.22794128504044675,
                -1.0918922742078099,
                0.07446895069777737,
                -2.2704446615251435,
                0.07760737011741625,
                1.177225768247368,
                0.6203493074429463
            ],
            "tendon_lengths": [
                0.06440303249724644,
                0.06443087467827951,
                0.062440923669095726,
                0.12776627822180092,
                0.12819442659325492,
                0.127679998570829,
                0.1922545891985725,
                0.19202197489698364,
                0.19137922399460983
            ],
            "clark_coords": [
                0.0006447555490392087,
                0.0011488987508264281,
                -0.0008919473717202412,
                -0.0009486631623557562,
                0.00011047838481332451,
                0.0003051564128935875
            ],
            "base_SE3": [
                [
                    0.9999781977231652,
                    -0.006161227195978272,
                    -0.0023755752507023348,
                    1.2311872175089242
                ],
                [
                    0.006158746162142418,
                    0.9999804831699155,
                    -0.0010502975646037166,
                    0.0020734176262113546
                ],
                [
                    0.0023820000089227016,
                    0.0010356441007673203,
                    0.9999966267529384,
                    -1.2524426243378861
                ],
