{
    "info": {
        "num_points": 27,
        "clark_scale": 50,
        "T_FRANK_TDCR": [
            [
                1.1102230246251565e-16,
                1.1102230246251565e-16,
                -1.0,
                -0.015
            ],
            [
                -0.7071067811865475,
                0.7071067811865475,
                0.0,
                0.0
            ],
            [
                0.7071067811865475,
                0.7071067811865475,
                2.220446049250313e-16,
                -0.115
            ],
            [
                0.0,
                0.0,
                0.0,
                1.0
            ]
        ],
        "tdcr_config": {
            "tendon_distance_mm": 4.0,
            "clark_speed_scale": 0.005,
            "angle_offset_rad_ccw": [
                -1.5708,
                -1.0472,
                -0.5236
            ],
            "independent_segments": true,
            "fps": 5
        }
    },
    "raw_joint_trajectory": [
        {
            "step": 0,
            "franka_qpos": [
                -0.030443810682058814,
                -1.3906347758479918,
                -0.04166710189579215,
                -2.5078550525596364,
                -0.04979956214297543,
                1.0826863180435495,
                -0.1154900456402026
            ],
            "tendon_lengths": [
                0.10002515323269609,
                0.09998742346366664,
                0.09998742330363729,
                0.0999783648185948,
                0.09997240183221515,
                0.10004923334919007,
                0.1000390619074825,
                0.1002514618062707,
                0.09970947628624681
            ],
            "clark_coords": [
                4.636102220833025e-23,
                -2.515323269625391e-05,
                -4.923335762048139e-05,
                -3.4426112286664412e-06,
                0.00019028665503158175,
                0.00025146157328358025
            ],
            "base_SE3": [
                [
                    0.9993771637428464,
                    -0.0002869845781025913,
                    -0.035287423101659644,
                    0.10463898857422478
                ],
                [
                    -0.0016780391039025952,
                    0.9984492621262209,
                    -0.05564400366949861,
                    0.15251569694113246
                ],
                [
                    0.03524867052910485,
                    0.0556685602423606,
                    0.9978269101534962,
                    -2.919723934920408
                ],
                [
                    0.0,
                    0.0,
                    0.0,
                    1.0
                ]
            ]
        },
        {
            "step": 1,
            "franka_qpos": [
                -0.03216656712896038,
                -1.3363261967935411,
                -0.023934681224177634,
                -2.4769815680700575,
                -0.033601654768997236,
                1.0743253502132246,
                -0.10280961835336644
            ],
            "tendon_lengths": [
                0.09995092653617599,
                0.10002438411205723,
                0.1000246893517668,
                0.10006355378300294,
                0.10011174591694494,
                0.09982470030005214,
                0.10001650668053386,
                0.10012663639112464,
                0.09985685692834152
            ],
            "clark_coords": [
                -1.7604997158174217e-07,
                4.907346447101269e-05,
                0.00017529976808221043,
                2.7823312229651125e-05,
                9.217398245803839e-05,
                0.00012663627826674524
            ],
            "base_SE3": [
                [
                    0.9977629088207873,
                    0.00040470472570809483,
                    -0.06685068433132106,
                    0.1316479156962453
                ],
                [
                    -0.00380086637950908,
                    0.9987075669225448,
                    -0.050682829305557814,
                    0.09538344959749413
                ],
                [
                    0.06674377271510851,
                    0.050823537713702904,
                    0.9964749052625549,
                    -2.8466472923717183
                ],
                [
                    0.0,
                    0.0,
                    0.0,
                    1.0
                ]
            ]
        },
        {
            "step": 2,
            "franka_qpos": [
                -0.03460072192725505,
                -1.2815928155875191,
                -0.007896763384210193,
                -2.444553695377015,
                -0.016886318429512492,
                1.0648386128546514,
                -0.08986064163087537
            ],
            "tendon_lengths": [
                0.0998766998396559,
                0.10006134476044784,
                0.10006195539989629,
                0.10014874274741106,
                0.10025109000167473,
                0.09960016725091422,
                0.0999939514535852,
                0.10000181097597857,
                0.10000423757043625
            ],
            "clark_coords": [
                -3.5209994316348444e-07,
                0.0001233001616382793,
                0.00039983289378490224,
                5.908923568796869e-05,
                -5.9386901155049835e-06,
                1.8109832499102015e-06
            ],
            "base_SE3": [
                [
                    0.9951578449433579,
                    -0.0008911070607821527,
                    -0.09828565295045802,
                    0.15840818078109142
                ],
                [
                    -0.0036216373472418954,
                    0.9989474263910254,
                    -0.04572661205110169,
                    0.038246089561552045
                ],
                [
                    0.09822294737288587,
                    0.045861151696758765,
                    0.9941071407923947,
                    -2.770798369433126
                ],
                [
                    0.0,
                    0.0,
                    0.0,
                    1.0
                ]
            ]
        },
        {
            "step": 3,
            "franka_qpos": [
                -0.03477208969043799,
                -1.3611551543414027,
                -0.009525312233952477,
                -2.5503129173559365,
                -0.015323422651500884,
                1.1572778434997826,
                -0.08835221103999258
            ],
            "tendon_lengths": [
                0.0998766998396559,
                0.10006134476044784,
                0.10006195539989629,
                0.10014874274741106,
                0.10025109000167473,
                0.09960016725091422,
                0.0999939514535852,
                0.10000181097597857,
                0.10000423757043625
            ],
            "clark_coords": [
                -3.5209994316348444e-07,
                0.0001233001616382793,
                0.00039983289378490224,
                5.908923568796869e-05,
                -5.9386901155049835e-06,
                1.8109832499102015e-06
            ],
            "base_SE3": [
                [
                    0.9994791622613205,
                    0.002070798047637215,
                    -0.03220428544238721,
                    -0.02786440067119869
                ],
                [
                    -0.003543474567647821,
                    0.9989471119201992,
                    -0.045739604002235264,
                    0.0382733580083602
                ],
                [
                    0.03207566045145888,
                    0.04582989615675304,
                    0.998434160385583,
                    -2.6998249165649737
                ],
                [
                    0.0,
                    0.0,
                    0.0,
                    1.0
                ]
            ]
        },
        {
            "step": 4,
            "franka_qpos": [
                -0.05409976090618995,
                -1.3553405268177647,
                0.015654294195447616,
                -2.5425607571438165,
                0.013798624050059605,
                1.1876813541059494,
                -0.045993012546242884
            ],
            "tendon_lengths": [
                0.10001933463001361,
                0.09994463430384357,
                0.10003603106614284,
                0.0998564565207803,
                0.0998898541323091,
                0.10025368934691062,
                0.10072248964243495,
                0.10000310322504397,
                0.0992744071325211
            ],
            "clark_coords": [
                -5.2768016336247405e-05,
                -1.933443618599411e-05,
                -0.0002536892996917344,
                1.9282741241716884e-05,
                0.0008360508307065157,
                3.1022013819009593e-06
            ],
            "base_SE3": [
                [
                    0.9999968084018359,
                    0.002511553100642859,
                    0.00027438506577864055,
                    0.059864302152257305
                ],
                [
                    -0.0025114419946749345,
                    0.9999967645044586,
                    -0.00040452406706218184,
                    0.005626430627406975
                ],
                [
                    -0.0002754001616818181,
                    0.000403833673807003,
                    0.99999988053655,
                    -2.626214160127714
                ],
                [
                    0.0,
                    0.0,
                    0.0,
                    1.0
                ]
            ]
        },
        {
            "step": 5,
            "franka_qpos": [
                -0.07343025522599467,
                -1.3453799783204086,
                0.04205564723025068,
                -2.5342861853264247,
                0.041795730163822764,
                1.222133203145522,
                -0.0034608685199626343
            ],
            "tendon_lengths": [
                0.10016196942037134,
                0.0998279238472393,
                0.10001010673238937,
                0.09956417029414953,
                0.09952861826294346,
                0.10090721144290701,
                0.1014510278312847,
                0.10000439547410936,
                0.09854457669460595
            ],
            "clark_coords": [
                -0.00010518393272933134,
                -0.0001619690340102675,
                -0.0009072114931683709,
                -2.0523753204534922e-05,
                0.0016780403515285363,
                4.393419513891717e-06
            ],
            "base_SE3": [
                [
                    0.9994630504984392,
                    0.002313158049124603,
                    0.03268424678946289,
                    0.1472915353905269
                ],
                [
                    -0.003779927145759846,
                    0.9989849336704825,
                    0.04488668455293631,
                    -0.026956129458763207
                ],
                [
                    -0.032547240115369185,
                    -0.04498612674171709,
                    0.9984572727771838,
                    -2.539722919935282
                ],
                [
                    0.0,
                    0.0,
                    0.0,
                    1.0
                ]
            ]
        },
        {
            "step": 6,
            "franka_qpos": [
                -0.07314432935866177,
                -1.37078963611551,
                0.042803684635592365,
                -2.5822992858576748,
                0.04553876880774865,
                1.2777039913216193,
                -0.003931785802914867
            ],
            "tendon_lengths": [
                0.10016196942037134,
                0.0998279238472393,
                0.10001010673238937,
                0.09956417029414953,
                0.09952861826294346,
                0.10090721144290701,
                0.1014510278312847,
                0.10000439547410936,
                0.09854457669460595
            ],
            "clark_coords": [
                -0.00010518393272933134,
                -0.0001619690340102675,
                -0.0009072114931683709,
                -2.0523753204534922e-05,
                0.0016780403515285363,
                4.393419513891717e-06
            ],
            "base_SE3": [
                [
                    0.9978432344906338,
                    -0.0004294438676710399,
                    0.06564065020422909,
                    0.0691266024742077
                ],
                [
                    -0.002505899891923639,
                    0.9990004642366404,
                    0.04462950728731527,
                    -0.02594015199516504
                ],
                [
                    -0.0655942058950415,
                    -0.044697740803550566,
                    0.9968447783481926,
                    -2.467263463530992
                ],
                [
                    0.0,
                    0.0,
                    0.0,
                    1.0
                ]
            ]
        },
        {
            "step": 7,
            "franka_qpos": [
                -0.07246290698598434,
                -1.2978663726441673,
                0.04745364050029899,
                -2.53318664391364,
                0.04648076620659358,
                1.253619013429316,
                -0.004316865293477967
            ],
            "tendon_lengths": [
                0.10005388028310659,
                0.09993696244842586,
                0.10000915726846757,
                0.09976859628793866,
                0.09958146456614277,
                0.10064993914591859,
                0.10145607456537697,
                0.10000111960857096,
                0.09854280582605209
            ],
            "clark_coords": [
                -4.1681896698230116e-05,
                -5.388013000080012e-05,
                -0.0006499394104866967,
                -0.00010803895837926573,
                0.0016819764922405345,
                1.1175491560717552e-06
            ],
            "base_SE3": [
                [
                    0.999842746398308,
                    0.0018743324818282143,
                    0.017634323135180832,
                    0.09757035906470428
                ],
                [
                    -0.002578808081211235,
                    0.9991958880488915,
                    0.0400115865102591,
                    -0.046283614321157886
                ],
                [
                    -0.01754514814895235,
                    -0.04005077007917863,
                    0.999043594440451,
                    -2.393959938509638
                ],
                [
                    0.0,
                    0.0,
                    0.0,
                    1.0
                ]
            ]
        },
        {
            "step": 8,
            "franka_qpos": [
                -0.07202988105021513,
                -1.2253356156280137,
                0.05101852163665077,
                -2.4824852075702006,
                0.048233656729754326,
                1.227443094774543,
                -0.004539718404812376
            ],
            "tendon_lengths": [
                0.09994579114584186,
                0.1000460010496124,
                0.10000820780454575,
                0.0999730222817278,
                0.09963431086934207,
                0.10039266684893015,
                0.10146112129946924,
                0.09999784374303256,
                0.09854103495749822
            ],
            "clark_coords": [
                2.1820139332871112e-05,
                5.420877400866728e-05,
                -0.0003926673278050223,
                -0.00019555416355399654,
                0.0016859126329525325,
                -2.158321201748206e-06
            ],
            "base_SE3": [
                [
                    0.9995328684863959,
                    0.0019731328232229753,
                    -0.030498386223201723,
                    0.12616016407704048
                ],
                [
                    -0.0008932378714819659,
                    0.9993734825959635,
                    0.03538141334261297,
                    -0.06663198494021448
                ],
                [
                    0.03054909068143615,
                    -0.0353376432558511,
                    0.9989084062253454,
                    -2.3173185237738974
                ],
                [
                    0.0,
                    0.0,
                    0.0,
                    1.0
                ]
            ]
        },
        {
            "step": 9,
            "franka_qpos": [
                -0.07149649291647053,
                -1.2551779795088835,
                0.05191278211115158,
                -2.5386620475869437,
                0.05217734897120474,
                1.2938107393283396,
                -0.005691823647083094
            ],
            "tendon_lengths": [
                0.09994579114584186,
                0.1000460010496124,
                0.10000820780454575,
                0.0999730222817278,
                0.09963431086934207,
                0.10039266684893015,
                0.10146112129946924,
                0.09999784374303256,
                0.09854103495749822
            ],
            "clark_coords": [
                2.1820139332871112e-05,
                5.420877400866728e-05,
                -0.0003926673278050223,
                -0.00019555416355399654,
                0.0016859126329525325,
                -2.158321201748206e-06
            ],
            "base_SE3": [
                [
                    0.9999539656290916,
                    -0.0006471068456395106,
                    0.009573289684552198,
                    0.035277205315199525
                ],
                [
                    0.00031247029029495216,
                    0.9993902186471294,
                    0.03491551567371689,
                    -0.06533300968933423
                ],
                [
                    -0.009590046140228395,
                    -0.03491091699131108,
                    0.9993444145487853,
                    -2.241475864042566
                ],
                [
                    0.0,
                    0.0,
                    0.0,
                    1.0
                ]
            ]
        },
        {
            "step": 10,
            "franka_qpos": [
                -0.08434987934749083,
                -1.1673818202985613,
                0.059645525927077614,
                -2.4657251803372926,
                0.05876835154723059,
                1.2514843917829852,
                0.016138673119097557
            ],
            "tendon_lengths": [
                0.10015507959584838,
                0.09994727184697985,
                0.09989764855717179,
                0.10004820748324933,
                0.09989134796828394,
                0.10006044454846676,
                0.10150728583950265,
                0.09999431164291009,
                0.09849840251758728
            ],
            "clark_coords": [
                2.8649450089411992e-05,
                -0.00015507970108472386,
                -6.0444770237260135e-05,
                -9.056273517313399e-05,
                0.0017371795889018753,
                -5.690484095568719e-06
            ],
            "base_SE3": [
                [
                    0.9988504710635531,
                    -0.000989441957944179,
                    -0.04792449750107277,
                    0.10180752166994063
                ],
                [
                    0.003920593512923628,
                    0.9981235478728196,
                    0.06110656370866432,
                    -0.05263557342319012
                ],
                [
                    0.04777410807775359,
                    -0.06122421241948718,
                    0.9969800551721123,
                    -2.161274189641863
                ],
                [
                    0.0,
                    0.0,
                    0.0,
                    1.0
                ]
            ]
        },
        {
            "step": 11,
            "franka_qpos": [
                -0.09738861419168732,
                -1.080233414404118,
                0.0690280300922721,
                -2.3903256504786814,
                0.06327821669611833,
                1.206212202342014,
                0.03880309814752625
            ],
            "tendon_lengths": [
                0.1003643680458549,
                0.09984854264434731,
                0.09978708930979781,
                0.10012339268477086,
                0.1001483850672258,
                0.09972822224800335,
                0.10155345037953606,
                0.09999077954278762,
                0.09845577007767635
            ],
            "clark_coords": [
                3.5478760845952866e-05,
                -0.000364368176178115,
                0.000271777787330502,
                1.4428693207728571e-05,
                0.0017884465448512186,
                -9.22264698938923e-06
            ],
            "base_SE3": [
                [
                    0.9944543387981886,
                    0.0037952730439315477,
                    -0.10510073238555133,
                    0.16829347756396706
                ],
                [
                    0.00539079622552656,
                    0.9961954119409259,
                    0.08698069063823408,
                    -0.03956414086126703
                ],
                [
                    0.10503098286463898,
                    -0.08706490182829896,
                    0.9906503901519026,
                    -2.075537411535941
                ],
                [
                    0.0,
                    0.0,
                    0.0,
                    1.0
                ]
            ]
        },
        {
            "step": 12,
            "franka_qpos": [
                -0.09789537455523112,
                -1.0972455294786245,
                0.07412004021362151,
                -2.431124782629162,
                0.06680051548340815,
                1.2640583534957957,
                0.04059840485351085
            ],
            "tendon_lengths": [
                0.1003643680458549,
                0.09984854264434731,
                0.09978708930979781,
                0.10012339268477086,
                0.1001483850672258,
                0.09972822224800335,
                0.10155345037953606,
                0.09999077954278762,
                0.09845577007767635
            ],
            "clark_coords": [
                3.5478760845952866e-05,
                -0.000364368176178115,
                0.000271777787330502,
                1.4428693207728571e-05,
                0.0017884465448512186,
                -9.22264698938923e-06
            ],
            "base_SE3": [
                [
                    0.9974473379715683,
                    0.0038905934150549187,
                    -0.07129986855745692,
                    0.10505600744706733
                ],
                [
                    0.0024680176308966317,
                    0.9960395710831534,
                    0.08887677832517189,
                    -0.04417153154891126
                ],
                [
                    0.07136327390475769,
                    -0.0888258752806123,
                    0.993487416638091,
                    -1.998712066785894
                ],
                [
                    0.0,
                    0.0,
                    0.0,
                    1.0
                ]
            ]
        },
        {
            "step": 13,
            "franka_qpos": [
                -0.08498145158118486,
                -0.9898684886996696,
                0.057000288874711647,
                -2.331014504543697,
                0.04201999687473412,
                1.194660511746159,
                -0.002352633916286262
            ],
            "tendon_lengths": [
                0.10012261181552423,
                0.09998611369828442,
                0.09989127448619138,
                0.10039801425322595,
                0.10032298327801273,
                0.09927900246876134,
                0.101523377930387,
                0.10000171299695125,
                0.09847490907266176
            ],
            "clark_coords": [
                5.475499425293193e-05,
                -0.00012261201665137225,
                0.0007209974251564086,
                -4.332091931798833e-05,
                0.0017600343177199362,
                1.7108419622375616e-06
            ],
            "base_SE3": [
                [
                    0.9891206642158324,
                    0.0063705605549145014,
                    -0.14696845777052375,
                    0.19459181626990874
                ],
                [
                    -0.00015182674438570074,
                    0.9991055415393981,
                    0.04228585832055517,
                    -0.03352205185918707
                ],
                [
                    0.14710638521107694,
                    -0.04180350252649345,
                    0.9882369040906374,
                    -1.907315206061687
                ],
                [
                    0.0,
                    0.0,
                    0.0,
                    1.0
                ]
            ]
        },
        {
            "step": 14,
            "franka_qpos": [
                -0.07121495803295819,
                -0.8818590054785398,
                0.04029604916729834,
                -2.226125341082711,
                0.020791203389725066,
                1.1211639494932193,
                -0.04623236728976465
            ],
            "tendon_lengths": [
                0.09988085558519355,
                0.10012368475222151,
                0.09999545966258494,
                0.10067263582168103,
                0.10049758148879964,
                0.09882978268951934,
                0.10149330548123794,
                0.10001264645111489,
                0.09849404806764717
            ],
            "clark_coords": [
                7.403122765991099e-05,
                0.00011914414287537047,
                0.001170217062982315,
                -0.00010107053184370523,
                0.0017316220905886541,
                1.2644330913864354e-05
            ],
            "base_SE3": [
                [
                    0.9750485025579503,
                    0.0005807451142559126,
                    -0.2219911718844038,
                    0.28368491128220075
                ],
                [
                    -0.0014880430880173513,
                    0.9999912101765145,
                    -0.003919859369711052,
                    -0.02340790713325018
                ],
                [
                    0.22198694418201037,
                    0.004152385437597968,
                    0.9750407962274764,
                    -1.807262230452494
                ],
                [
                    0.0,
                    0.0,
                    0.0,
                    1.0
                ]
            ]
        },
        {
            "step": 15,
            "franka_qpos": [
                -0.07181348362309015,
                -0.8879740829906968,
                0.04252714986279216,
                -2.2499443944556394,
                0.02423652959475664,
                1.1657043680616113,
                -0.043035441372526684
            ],
            "tendon_lengths": [
                0.09988085558519355,
                0.10012368475222151,
                0.09999545966258494,
                0.10067263582168103,
                0.10049758148879964,
                0.09882978268951934,
                0.10149330548123794,
                0.10001264645111489,
                0.09849404806764717
            ],
            "clark_coords": [
                7.403122765991099e-05,
                0.00011914414287537047,
                0.001170217062982315,
                -0.00010107053184370523,
                0.0017316220905886541,
                1.2644330913864354e-05
            ],
            "base_SE3": [
                [
                    0.9806522309548436,
                    0.0008546659956321376,
                    -0.19575615308164415,
                    0.2506713162841722
                ],
                [
                    -0.001278213781155663,
                    0.9999971077260128,
                    -0.0020373289224642314,
                    -0.02889535168534535
                ],
                [
                    0.19575384566546328,
                    0.0022481293656183505,
                    0.98065048708576,
                    -1.7314191227741178
                ],
                [
                    0.0,
                    0.0,
                    0.0,
                    1.0
                ]
            ]
        },
        {
            "step": 16,
            "franka_qpos": [
                -0.07436163467536439,
                -0.8296021791751556,
                0.04775650572914936,
                -2.1961146398711198,
                0.026820161975733114,
                1.141621545856366,
                -0.03559433641471843
            ],
            "tendon_lengths": [
                0.09985043727612136,
                0.10006389122650962,
                0.10008567149736904,
                0.1009319880932083,
                0.10064820326456052,
                0.0984198086422312,
                0.10139254926508297,
                0.10003925210018652,
                0.09856819863473054
            ],
            "clark_coords": [
                -1.2574295869057675e-05,
                0.00014956277006762517,
                0.0015801909565441737,
                -0.00016384711678920917,
                0.0016306396447789795,
                3.925010362858417e-05
            ],
            "base_SE3": [
                [
                    0.9746256852697195,
                    0.0009909253040671084,
                    -0.2238387626832561,
                    0.29658504219612547
                ],
                [
                    -0.0005210723843350864,
                    0.9999975354840736,
                    0.002158126351608637,
                    -0.03889716078784343
                ],
                [
                    0.22384034957107168,
                    -0.001986729176557225,
                    0.9746237996330068,
                    -1.6334507495205968
                ],
                [
                    0.0,
                    0.0,
                    0.0,
                    1.0
                ]
            ]
        },
        {
            "step": 17,
            "franka_qpos": [
                -0.07703828607178753,
                -0.7704691084958686,
                0.052967548983342105,
                -2.139775745394604,
                0.029591945007303888,
                1.1158052583657376,
                -0.02752882948582336
            ],
            "tendon_lengths": [
                0.09982001896704916,
                0.10000409770079774,
                0.10017588333215312,
                0.10119134036473557,
                0.1007988250403214,
                0.09800983459494304,
                0.10129179304892798,
                0.10006585774925814,
                0.0986423492018139
            ],
            "clark_coords": [
                -9.917981939802634e-05,
                0.00017998139725987992,
                0.0019901648501060324,
                -0.00022662370173471308,
                0.0015296571989693048,
                6.585587634330398e-05
            ],
            "base_SE3": [
                [
                    0.9678007834391665,
                    0.0009553233796656012,
                    -0.25171557546519757,
                    0.34260407026978923
                ],
                [
                    0.0007035545426656593,
                    0.9999786259250366,
                    0.006500208002910341,
                    -0.049053118382398654
                ],
                [
                    0.2517164050782964,
                    -0.0064680020343123815,
                    0.9677794254705686,
                    -1.5314366027962896
                ],
                [
                    0.0,
                    0.0,
                    0.0,
                    1.0
                ]
            ]
        },
        {
            "step": 18,
            "franka_qpos": [
                -0.07755658577936986,
                -0.7652483619969948,
                0.0507530687258364,
                -2.145139502683638,
                0.03740422777970753,
                1.1451937805333303,
                -0.026731177947432183
            ],
            "tendon_lengths": [
                0.09982001896704916,
                0.10000409770079774,
                0.10017588333215312,
                0.10119134036473557,
                0.1007988250403214,
                0.09800983459494304,
                0.10129179304892798,
                0.10006585774925814,
                0.0986423492018139
            ],
            "clark_coords": [
                -9.917981939802634e-05,
                0.00017998139725987992,
                0.0019901648501060324,
                -0.00022662370173471308,
                0.0015296571989693048,
                6.585587634330398e-05
            ],
            "base_SE3": [
                [
                    0.972405967320658,
                    -0.00781502351268555,
                    -0.2331642342355955,
                    0.3416323604089502
                ],
                [
                    0.009434763582676538,
                    0.9999384830171207,
                    0.0058322737897370976,
                    -0.05437399238251528
                ],
                [
                    0.23310431131859108,
                    -0.00787118726213688,
                    0.9724198807386499,
                    -1.4548111554873675
                ],
                [
                    0.0,
                    0.0,
                    0.0,
                    1.0
                ]
            ]
        },
        {
            "step": 19,
            "franka_qpos": [
                -0.09524275785303038,
                -0.7542970144976966,
                0.0776697942009581,
                -2.158516612478269,
                0.0623962261237323,
                1.1751797211454296,
                0.04101454250539849
            ],
            "tendon_lengths": [
                0.1000647545357845,
                0.10008292775551522,
                0.09985231770870029,
                0.10121523120100195,
                0.10073637315290787,
                0.09804839564609019,
                0.10114495437969785,
                0.1001237682732525,
                0.09873127734704967
            ],
            "clark_coords": [
                0.00013314253474885085,
                -6.475502484477439e-05,
                0.0019516036768861655,
                -0.0002764736020652876,
                0.0013935372360772832,
                0.00012376656700322351
            ],
            "base_SE3": [
                [
                    0.9734549203082862,
                    0.0009944783812890177,
                    -0.22887666796844278,
                    0.2722214411247856
                ],
                [
                    0.014646796000097929,
                    0.9976702127978193,
                    0.06663045747167728,
                    -0.07772461465116243
                ],
                [
                    0.2284096965860231,
                    -0.0682140565331122,
                    0.9711724115710753,
                    -1.3719133319974537
                ],
                [
                    0.0,
                    0.0,
                    0.0,
                    1.0
                ]
            ]
        },
        {
            "step": 20,
            "franka_qpos": [
                -0.11241108922566623,
                -0.7393599694940374,
                0.10360526172886031,
                -2.1687770979706458,
                0.08978344439262154,
                1.2066007170713577,
                0.10895923995751655
            ],
            "tendon_lengths": [
                0.10030949010451985,
                0.10016175781023272,
                0.09952875208524745,
                0.10123912203726833,
                0.10067392126549435,
                0.09808695669723734,
                0.10099811571046771,
                0.10018167879724686,
                0.09882020549228544
            ],
            "clark_coords": [
                0.00036546488889572804,
                -0.0003094914469494287,
                0.0019130425036662981,
                -0.00032632350239586216,
                0.0012574172731852618,
                0.00018167725766314306
            ],
            "base_SE3": [
                [
                    0.9744345641519572,
                    0.0052764531610424645,
                    -0.22460952612929255,
                    0.2032200263777394
                ],
                [
                    0.023911503679018394,
                    0.9916104853159602,
                    0.12703104110119698,
                    -0.10210495267174594
                ],
                [
                    0.2233954345500247,
                    -0.12915418867959738,
                    0.9661333631381956,
                    -1.2816327072634963
                ],
                [
                    0.0,
                    0.0,
                    0.0,
                    1.0
                ]
            ]
        },
        {
            "step": 21,
            "franka_qpos": [
                -0.11321708825859389,
                -0.7315859235766764,
                0.10583717298233708,
                -2.170987401983448,
                0.08325924038663368,
                1.236385212038165,
                0.10535702567325567
            ],
            "tendon_lengths": [
                0.10030949010451985,
                0.10016175781023272,
                0.09952875208524745,
                0.10123912203726833,
                0.10067392126549435,
                0.09808695669723734,
                0.10099811571046771,
                0.10018167879724686,
                0.09882020549228544
            ],
            "clark_coords": [
                0.00036546488889572804,
                -0.0003094914469494287,
                0.0019130425036662981,
                -0.00032632350239586216,
                0.0012574172731852618,
                0.00018167725766314306
            ],
            "base_SE3": [
                [
                    0.9787629738892942,
                    0.009644908786348654,
                    -0.2047682023115112,
                    0.20879511920052352
                ],
                [
                    0.01652901448189142,
                    0.9919270834951859,
                    0.12572769268936398,
                    -0.09096273308375921
                ],
                [
