{
  "info": {
    "num_points": 909,
    "clark_scale": 50,
    "T_FRANK_TDCR": [
      [
        1.1102230246251565e-16,
        1.1102230246251565e-16,
        -1.0,
        -0.015
      ],
      [
        -0.7071067811865475,
        0.7071067811865475,
        0.0,
        0.0
      ],
      [
        0.7071067811865475,
        0.7071067811865475,
        2.220446049250313e-16,
        -0.115
      ],
      [
        0.0,
        0.0,
        0.0,
        1.0
      ]
    ],
    "tdcr_config": {
      "tendon_distance_mm": 4.0,
      "clark_speed_scale": 0.005,
      "angle_offset_rad_ccw": [
        -1.5708,
        -1.0472,
        -0.5236
      ],
      "independent_segments": true,
      "fps": 5
    },
    "smoothing_method": "TOPPRA",
    "duration": 9.097716942796328,
    "control_freq": 100,
    "original_waypoints": 27,
    "path_length": 2.478429429174242,
    "average_speed": 0.27242322933960805,
    "constraints": {
      "franka_vel_limits": [
        0.5,
        0.5,
        0.5,
        0.5,
        0.5,
        0.5,
        0.5
      ],
      "franka_acc_limits": [
        1.0,
        1.0,
        1.0,
        1.0,
        1.0,
        1.0,
        1.0
      ],
      "tendon_vel_limits": [
        0.05,
        0.05,
        0.05,
        0.05,
        0.05,
        0.05,
        0.05,
        0.05,
        0.05
      ],
      "tendon_acc_limits": [
        0.5,
        0.5,
        0.5,
        0.5,
        0.5,
        0.5,
        0.5,
        0.5,
        0.5
      ]
    }
  },
  "trajectory": [
    {
      "time": 0.0,
      "step": 0,
      "franka_qpos": [
        -0.030443810682058814,
        -1.3906347758479918,
        -0.04166710189579215,
        -2.5078550525596364,
        -0.04979956214297543,
        1.0826863180435495,
        -0.1154900456402026
      ],
      "franka_qvel": [
        0.0,
        0.0,
        0.0,
        -0.0,
        0.0,
        0.0,
        0.0
      ],
      "franka_qacc": [
        0.03320237392694151,
        0.34877241667788406,
        0.1851586272977375,
        -0.03856366004869653,
        0.12227375097552894,
        0.1711948511344956,
        0.06117192034053246
      ],
      "tendon_lengths": [
        0.10002515323269609,
        0.09998742346366664,
        0.09998742330363729,
        0.0999783648185948,
        0.09997240183221515,
        0.10004923334919007,
        0.1000390619074825,
        0.1002514618062707,
        0.09970947628624681
      ],
      "tendon_vel": [
        -0.0,
        0.0,
        0.0,
        0.0,
        0.0,
        -0.0,
        -0.0,
        -0.0,
        0.0
      ],
      "tendon_acc": [
        -0.0011521435964053483,
        0.0006674373553813882,
        0.0004847062410237114,
        0.00158417446630992,
        0.0023479611579687357,
        -0.0039321356242786685,
        -0.0017344778207694861,
        -0.0014506598143741909,
        0.003185137635143678
      ],
      "clark_coords": [
        4.636102220833025e-23,
        -2.515323269625391e-05,
        -4.923335762048139e-05,
        -3.4426112286664412e-06,
        0.00019028665503158175,
        0.00025146157328358025
      ],
      "base_SE3": [
        [
          0.9993771637428464,
          -0.0002869845781025913,
          -0.035287423101659644,
          0.10463898857422478
        ],
        [
          -0.0016780391039025952,
          0.9984492621262209,
          -0.05564400366949861,
          0.15251569694113246
        ],
        [
          0.03524867052910485,
          0.0556685602423606,
          0.9978269101534962,
          -2.919723934920408
        ],
        [
          0.0,
          0.0,
          0.0,
          1.0
        ]
      ]
    },
    {
      "time": 0.010019512051537807,
      "step": 1,
      "franka_qpos": [
        -0.03044214800587524,
        -1.3906172314752787,
        -0.041657799787637284,
        -2.5078569518209686,
        -0.04979341459862585,
        1.0826948910947953,
        -0.11548696503160029
      ],
      "franka_qvel": [
        0.000331103935490581,
        0.0035095510997410003,
        0.0018583976774882982,
        -0.000371838077263796,
        0.001229105151631767,
        0.001707254667682097,
        0.000616930398779075
      ],
      "franka_qacc": [
        0.03273312021662539,
        0.3532688528302282,
        0.18611603514946878,
        -0.034208097097861795,
        0.12346563698322059,
        0.16878995719515077,
        0.06237451259993607
      ],
      "tendon_lengths": [
        0.10002509539257462,
        0.0999874569637798,
        0.0999874476436456,
        0.0999784443288961,
        0.09997251969176246,
        0.10004903597934145,
        0.10003897493183268,
        0.10025138894519463,
        0.0997096361229727
      ],
      "tendon_vel": [
        -1.1547076200530914e-05,
        6.686553422094507e-06,
        4.860522778433922e-06,
        1.586953027171948e-05,
        2.3526585468470045e-05,
        -3.9396115740189656e-05,
        -1.7343892709550616e-05,
        -1.4552768329699944e-05,
        3.189666103925057e-05
      ],
      "tendon_acc": [
        -0.0011530893328679825,
        0.0006671849524605586,
        0.0004859043804071769,
        0.0015832390785456784,
        0.0023483084614073,
        -0.003931547539952991,
        -0.0017240824586889601,
        -0.0014560072796852028,
        0.0031800897383741636
      ],
      "clark_coords": [
        4.636102220833025e-23,
        -2.515323269625391e-05,
        -4.923335762048139e-05,
        -3.4426112286664412e-06,
        0.00019028665503158175,
        0.00025146157328358025
      ],
      "base_SE3": [
        [
          0.9993771637428464,
          -0.0002869845781025913,
          -0.035287423101659644,
          0.10463898857422478
        ],
        [
          -0.0016780391039025952,
          0.9984492621262209,
          -0.05564400366949861,
          0.15251569694113246
        ],
        [
          0.03524867052910485,
          0.0556685602423606,
          0.9978269101534962,
          -2.919723934920408
        ],
        [
          0.0,
          0.0,
          0.0,
          1.0
        ]
      ]
    },
    {
      "time": 0.020039024103075613,
      "step": 2,
      "franka_qpos": [
        -0.03043720705449931,
        -1.3905641472804122,
        -0.04162979742304827,
        -2.5078622126559567,
        -0.049774852395919826,
        1.0827203689889504,
        -0.11547760256271351
      ],
      "franka_qvel": [
        0.0006528170588144889,
        0.0071090773263013255,
        0.003735951074107886,
        -0.0006565181491679264,
        0.0024820607935093775,
        0.0033663851623050296,
        0.0012579252778503365
      ],
      "franka_qacc": [
        0.03132912401297422,
        0.36671951700555033,
        0.18897933614859186,
        -0.0211783039326748,
        0.12703119206208985,
        0.1615955022772966,
        0.06597202091996304
      ],
      "tendon_lengths": [
        0.10002492177733817,
        0.0999875574387968,
        0.09998752078386502,
        0.09997868276595916,
        0.09997287330523935,
        0.10004844392880151,
        0.10003871504773613,
        0.10025116982551974,
        0.09971011512674414
      ],
      "tendon_vel": [
        -2.311307567831857e-05,
        1.3368055508778858e-05,
        9.74502016953477e-06,
        3.1720341552055886e-05,
        4.706011817900983e-05,
        -7.878045973106595e-05,
        -3.447976951457848e-05,
        -2.9212539470061986e-05,
        6.369230898464049e-05
      ],
      "tendon_acc": [
        -0.0011559180512695961,
        0.0006664297116993053,
        0.0004894883395700485,
        0.001580440480462764,
        0.0023493466649835808,
        -0.003929787145446355,
        -0.0016929853009603423,
        -0.0014720032135964864,
        0.0031649885145568295
      ],
      "clark_coords": [
        4.636102220833025e-23,
        -2.515323269625391e-05,
        -4.923335762048139e-05,
        -3.4426112286664412e-06,
        0.00019028665503158175,
        0.00025146157328358025
      ],
      "base_SE3": [
        [
          0.9993771637428464,
          -0.0002869845781025913,
          -0.035287423101659644,
          0.10463898857422478
        ],
        [
          -0.0016780391039025952,
          0.9984492621262209,
          -0.05564400366949861,
          0.15251569694113246
        ],
        [
          0.03524867052910485,
          0.0556685602423606,
          0.9978269101534962,
          -2.919723934920408
        ],
        [
          0.0,
          0.0,
          0.0,
          1.0
        ]
      ]
    },
    {
      "time": 0.03005853615461342,
      "step": 3,
      "franka_qpos": [
        -0.030429128681491984,
        -1.3904741739127335,
        -0.041582807577392786,
        -2.5078695279215597,
        -0.04974351784012631,
        1.0827620299778606,
        -0.11546159733515945
      ],
      "franka_qvel": [
        0.0009558240032739047,
        0.010887779412807662,
        0.005651637109673891,
        -0.0007676215639201751,
        0.003782514962736223,
        0.004929672638149879,
        0.0019468433476249234
      ],
      "franka_qacc": [
        0.029001680097879512,
        0.3890084763587194,
        0.19372176262689436,
        0.00041503238491277447,
        0.13294010737951925,
        0.14967216708147402,
        0.07193363992606186
      ],
      "tendon_lengths": [
        0.10002463210322307,
        0.099987724812948,
        0.09998764308382897,
        0.09997907984902081,
        0.0999734627767787,
        0.1000474573742005,
        0.10003828537482394,
        0.10025080284257036,
        0.0997109117826057
      ],
      "tendon_vel": [
        -3.4716751559540775e-05,
        2.0039494361467082e-05,
        1.467725719806636e-05,
        4.753386644904789e-05,
        7.060747109424862e-05,
        -0.00011814133754329688,
        -5.120139655117552e-05,
        -4.4085385178174474e-05,
        9.528678172935e-05
      ],
      "tendon_acc": [
        -0.00116060427865132,
        0.0006651775371013354,
        0.0004954267415497507,
        0.0015758013676906086,
        0.002351064648479337,
        -0.003926866016169956,
        -0.0016414531331225136,
        -0.0014985082300427875,
        0.003139961363165302
      ],
      "clark_coords": [
        4.636102220833025e-23,
        -2.515323269625391e-05,
        -4.923335762048139e-05,
        -3.4426112286664412e-06,
        0.00019028665503158175,
        0.00025146157328358025
      ],
      "base_SE3": [
        [
          0.9993771637428464,
          -0.0002869845781025913,
          -0.035287423101659644,
          0.10463898857422478
        ],
        [
          -0.0016780391039025952,
          0.9984492621262209,
          -0.05564400366949861,
          0.15251569694113246
        ],
        [
          0.03524867052910485,
          0.0556685602423606,
          0.9978269101534962,
          -2.919723934920408
        ],
        [
          0.0,
          0.0,
          0.0,
          1.0
        ]
      ]
    },
    {
      "time": 0.040078048206151226,
      "step": 4,
      "franka_qpos": [
        -0.030418146382910263,
        -1.3903450753862234,
        -0.04151635452875346,
        -2.5078767313926438,
        -0.04969881815416307,
        1.0828186779165714,
        -0.11543835128782319
      ],
      "franka_qvel": [
        0.0012309602931087184,
        0.014933309305001414,
        0.007624075105369111,
        -0.0006202083768632247,
        0.005153710790130789,
        0.006350208904178209,
        0.0027071317787518796
      ],
      "franka_qacc": [
        0.025769613107827136,
        0.41994250948118356,
        0.2002987018040224,
        0.03038743341831479,
        0.14114186821447974,
        0.13312108610858453,
        0.08020802732731329
      ],
      "tendon_lengths": [
        0.10002422590013117,
        0.0999879589606091,
        0.09998781513925976,
        0.09997963511267413,
        0.09997428827869491,
        0.10004607660863099,
        0.10003769108272266,
        0.10025028533743492,
        0.09971202357984242
      ],
      "tendon_vel": [
        -4.637651666821752e-05,
        2.669593695522161e-05,
        1.9680579712986285e-05,
        6.329184076957763e-05,
        9.417536861793485e-05,
        -0.00015746720938751297,
        -6.730610403666295e-05,
        -5.927551510397822e-05,
        0.0001265816191406412
      ],
      "tendon_acc": [
        -0.0011671055600817075,
        0.0006634382686728266,
        0.0005036672914086578,
        0.0015693595662782654,
        0.002353443878197504,
        -0.003922803444475781,
        -0.0015699305977402754,
        -0.0015352900189153482,
        0.0031052206166556242
      ],
      "clark_coords": [
        4.636102220833025e-23,
        -2.515323269625391e-05,
        -4.923335762048139e-05,
        -3.4426112286664412e-06,
        0.00019028665503158175,
        0.00025146157328358025
      ],
      "base_SE3": [
        [
          0.9993771637428464,
          -0.0002869845781025913,
          -0.035287423101659644,
          0.10463898857422478
        ],
        [
          -0.0016780391039025952,
          0.9984492621262209,
          -0.05564400366949861,
          0.15251569694113246
        ],
        [
          0.03524867052910485,
          0.0556685602423606,
          0.9978269101534962,
          -2.919723934920408
        ],
        [
          0.0,
          0.0,
          0.0,
          1.0
        ]
      ]
    },
    {
      "time": 0.050097560257689036,
      "step": 5,
      "franka_qpos": [
        -0.030404584407490155,
        -1.3901737484771188,
        -0.041429778536632635,
        -2.5078808162818893,
        -0.049639930549800926,
        1.082888652416285,
        -0.11540703435114207
      ],
      "franka_qvel": [
        0.0014692877889653827,
        0.019330995767546072,
        0.009671347984427855,
        -0.00013155670404210585,
        0.006618284047084211,
        0.007582301751372318,
        0.0035616204322371074
      ],
      "franka_qacc": [
        0.0216592775338973,
        0.4592511064009705,
        0.20864769578748038,
        0.0684806293563107,
        0.1515657539575308,
        0.11208384765989017,
        0.09072330391643042
      ],
      "tendon_lengths": [
        0.10002370251589206,
        0.0999882597072891,
        0.09998803777681885,
        0.09998034791066564,
        0.09997535004962325,
        0.10004430203971112,
        0.10003693934641633,
        0.1002496136202876,
        0.09971344703329607
      ],
      "tendon_vel": [
        -5.811027337513207e-05,
        3.333256857557747e-05,
        2.4777704799542825e-05,
        7.897645511879252e-05,
        0.00011777031231549561,
        -0.0001967467674342887,
        -8.259656831020602e-05,
        -7.488434573669283e-05,
        0.00015748091404689887
      ],
      "tendon_acc": [
        -0.0011753624586567312,
        0.0006612256824224287,
        0.0005141367762340943,
        0.001561168032694409,
        0.002356458406962191,
        -0.00391762643965661,
        -0.0014790401944043496,
        -0.001582023346061908,
        0.0030610635404662583
      ],
      "clark_coords": [
        4.636102220833025e-23,
        -2.515323269625391e-05,
        -4.923335762048139e-05,
        -3.4426112286664412e-06,
        0.00019028665503158175,
        0.00025146157328358025
      ],
      "base_SE3": [
        [
          0.9993771637428464,
          -0.0002869845781025913,
          -0.035287423101659644,
          0.10463898857422478
        ],
        [
          -0.0016780391039025952,
          0.9984492621262209,
          -0.05564400366949861,
          0.15251569694113246
        ],
        [
          0.03524867052910485,
          0.0556685602423606,
          0.9978269101534962,
          -2.919723934920408
        ],
        [
          0.0,
          0.0,
          0.0,
          1.0
        ]
      ]
    },
    {
      "time": 0.06011707230922684,
      "step": 6,
      "franka_qpos": [
        -0.030388855110902994,
        -1.3899562498805769,
        -0.04132224211213905,
        -2.507877961167658,
        -0.049565809327349705,
        1.0829698430584973,
        -0.1153665916631041
      ],
      "franka_qvel": [
        0.0016621701333657689,
        0.02416306999033456,
        0.011810823472819778,
        0.0007780979242283525,
        0.008198060692417805,
        0.00858188028007548,
        0.004532316089562317
      ],
      "franka_qacc": [
        0.016704557721764577,
        0.5065864685826871,
        0.21868844157263123,
        0.11436255901304547,
        0.1641208381108201,
        0.08674249383701382,
        0.10338705356975868
      ],
      "tendon_lengths": [
        0.10002306112222985,
        0.09998862683101328,
        0.09998831204675687,
        0.09998121742121184,
        0.09997664839191504,
        0.10004213418687312,
        0.10003603928375335,
        0.10024878300303894,
        0.09971517771320774
      ],
      "tendon_vel": [
        -6.9935243446752e-05,
        3.994473225536643e-05,
        2.9990511191371787e-05,
        9.457050649952682e-05,
        0.0001413985066345961,
        -0.0002359690131341236,
        -9.688259387342855e-05,
        -9.100956935124276e-05,
        0.00018789216322467135
      ],
      "tendon_acc": [
        -0.0011852985554997868,
        0.000658557490361262,
        0.0005267410651383337,
        0.001551294853827335,
        0.002360074874118678,
        -0.003911369727946022,
        -0.001369582279731379,
        -0.0016382900532867027,
        0.0030078723330180823
      ],
      "clark_coords": [
        4.636102220833025e-23,
        -2.515323269625391e-05,
        -4.923335762048139e-05,
        -3.4426112286664412e-06,
        0.00019028665503158175,
        0.00025146157328358025
      ],
      "base_SE3": [
        [
          0.9993771637428464,
          -0.0002869845781025913,
          -0.035287423101659644,
          0.10463898857422478
        ],
        [
          -0.0016780391039025952,
          0.9984492621262209,
          -0.05564400366949861,
          0.15251569694113246
        ],
        [
          0.03524867052910485,
          0.0556685602423606,
          0.9978269101534962,
          -2.919723934920408
        ],
        [
          0.0,
          0.0,
          0.0,
          1.0
        ]
      ]
    },
    {
      "time": 0.07013658436076464,
      "step": 7,
      "franka_qpos": [
        -0.030371455554084884,
        -1.3896878311263874,
        -0.04119273807965633,
        -2.50786356332982,
        -0.049475195003825904,
        1.0830597076703168,
        -0.11531575284696008
      ],
      "franka_qvel": [
        0.0018013481961760194,
        0.029507891194796604,
        0.014058975299933713,
        0.002184823209796074,
        0.009913854419240635,
        0.009306900227332184,
        0.0056401966828039845
      ],
      "franka_qacc": [
        0.010946867871697886,
        0.5615235089275193,
        0.2303227910426963,
        0.16762736982802956,
        0.1786959882880839,
        0.05731952054193867,
        0.11808632324727576
      ],
      "tendon_lengths": [
        0.10002230072243501,
        0.09998906006410134,
        0.0999886392134637,
        0.09998224265383436,
        0.09997818366828858,
        0.1000395736778771,
        0.10003500187509819,
        0.10024778784131481,
        0.099717210283587
      ],
      "tendon_vel": [
        -8.186779789415036e-05,
        4.6527968211541286e-05,
        3.533982968259347e-05,
        0.0001100575499117236,
        0.00016506578462569953,
        -0.00027512333453742386,
        -0.00010998289543102775,
        -0.00010774422295468383,
        0.00021772711838571163
      ],
      "tendon_acc": [
        -0.0011968204497616892,
        0.0006554553405029183,
        0.0005413651092586,
        0.0015398232469849599,
        0.002364252505533422,
        -0.003904075752518389,
        -0.0012425350673639258,
        -0.001703579058350466,
        0.0029461141257143917
      ],
      "clark_coords": [
        4.636102220833025e-23,
        -2.515323269625391e-05,
        -4.923335762048139e-05,
        -3.4426112286664412e-06,
        0.00019028665503158175,
        0.00025146157328358025
      ],
      "base_SE3": [
        [
          0.9993771637428464,
          -0.0002869845781025913,
          -0.035287423101659644,
          0.10463898857422478
        ],
        [
          -0.0016780391039025952,
          0.9984492621262209,
          -0.05564400366949861,
          0.15251569694113246
        ],
        [
          0.03524867052910485,
          0.0556685602423606,
          0.9978269101534962,
          -2.919723934920408
        ],
        [
          0.0,
          0.0,
          0.0,
          1.0
        ]
      ]
    },
    {
      "time": 0.08015609641230245,
      "step": 8,
      "franka_qpos": [
        -0.03035296334563937,
        -1.3893629812537307,
        -0.04104009942999356,
        -2.507832279493546,
        -0.04936662546960205,
        1.0831552946609675,
        -0.11525304335064941
      ],
      "franka_qvel": [
        0.0018790155200754028,
        0.0354391722402061,
        0.01643120439926152,
        0.004160250733104288,
        0.011785264201807052,
        0.009717749294228379,
        0.006905005524752298
      ],
      "franka_qacc": [
        0.004435152038560465,
        0.623559851773233,
        0.2434347509687553,
        0.22779541786613916,
        0.1951598662146467,
        0.024077877477008736,
        0.13468762299259168
      ],
      "tendon_lengths": [
        0.10002142016074081,
        0.09998955909534045,
        0.09998902074391874,
        0.09998342245771419,
        0.09997995629773569,
        0.10003662124455014,
        0.10003383986512798,
        0.10024662158576451,
        0.09971953854910755
      ],
      "tendon_vel": [
        -9.392328682192667e-05,
        5.307805328199997e-05,
        4.0845233539909483e-05,
        0.0001254220499518563,
        0.00018877753366262627,
        -0.0003141995836144833,
        -0.00012172687993138877,
        -0.00012517575723262921,
        0.000246902637164018
      ],
      "tendon_acc": [
        -0.0012098177586206751,
        0.0006519448168634606,
        0.0005578729417570665,
        0.0015268515598948222,
        0.0023689431135940522,
        -0.0038957946734888794,
        -0.0010990546279704741,
        -0.001777286354970427,
        0.0028763409829409016
      ],
      "clark_coords": [
        4.636102220833025e-23,
        -2.515323269625391e-05,
        -4.923335762048139e-05,
        -3.4426112286664412e-06,
        0.00019028665503158175,
        0.00025146157328358025
      ],
      "base_SE3": [
        [
          0.9993771637428464,
          -0.0002869845781025913,
          -0.035287423101659644,
          0.10463898857422478
        ],
        [
          -0.0016780391039025952,
          0.9984492621262209,
          -0.05564400366949861,
          0.15251569694113246
        ],
        [
          0.03524867052910485,
          0.0556685602423606,
          0.9978269101534962,
          -2.919723934920408
        ],
        [
          0.0,
          0.0,
          0.0,
          1.0
        ]
      ]
    },
    {
      "time": 0.09017560846384026,
      "step": 9,
      "franka_qpos": [
        -0.030334031728313372,
        -1.3889754772449807,
        -0.04086301096501757,
        -2.507778073981061,
        -0.04923844917353771,
        1.083253269419473,
        -0.11517679784793994
      ],
      "franka_qvel": [
        0.0018878937660251696,
        0.042025205229988476,
        0.01894166010908191,
        0.006770836599624079,
        0.013830471842374242,
        0.009777652473231724,
        0.008345045539030116
      ],
      "franka_qacc": [
        -0.0027741158681900725,
        0.6921158328941726,
        0.25789048300974643,
        0.29431326781761585,
        0.2133609277274215,
        -0.012679031855071535,
        0.15303692593294882
      ],
      "tendon_lengths": [
        0.10002041813340491,
        0.09999012357255402,
        0.09998945829404109,
        0.09998475553156495,
        0.09998196675068434,
        0.10003327771775071,
        0.10003256764677372,
        0.10024527684269709,
        0.0997221555105292
      ],
      "tendon_vel": [
        -0.00010611586927712807,
        5.959104036240982e-05,
        4.6524828914699715e-05,
        0.00014064953241235063,
        0.00021253862116311364,
        -0.00035318815357546516,
        -0.0001319564286071994,
        -0.00014338510549567586,
        0.0002753415341028753
      ],
      "tendon_acc": [
        -0.0012241631172824018,
        0.0006480554394614234,
        0.0005761076778208566,
        0.0015124932707040813,
        0.0023740910972093717,
        -0.0038865843679134577,
        -0.000940474889245428,
        -0.0018587150128203142,
        0.0027991899020657417
      ],
      "clark_coords": [
        4.636102220833025e-23,
        -2.515323269625391e-05,
        -4.923335762048139e-05,
        -3.4426112286664412e-06,
        0.00019028665503158175,
        0.00025146157328358025
      ],
      "base_SE3": [
        [
          0.9993771637428464,
          -0.0002869845781025913,
          -0.035287423101659644,
          0.10463898857422478
        ],
        [
          -0.0016780391039025952,
          0.9984492621262209,
          -0.05564400366949861,
          0.15251569694113246
        ],
        [
          0.03524867052910485,
          0.0556685602423606,
          0.9978269101534962,
          -2.919723934920408
        ],
        [
          0.0,
          0.0,
          0.0,
          1.0
        ]
      ]
    },
    {
      "time": 0.10019512051537807,
      "step": 10,
      "franka_qpos": [
        -0.03031538390954628,
        -1.3885184422185601,
        -0.04066002273376726,
        -2.5076942742713566,
        -0.0490888403365923,
        1.0833499447735226,
        -0.11508517570128136
      ],
      "franka_qvel": [
        0.0018213081587374036,
        0.049328087118028004,
        0.021603061373144276,
        0.010077122086286926,
        0.01606603951805977,
        0.009453077375531822,
        0.009976973490211915
      ],
      "franka_qacc": [
        -0.010616932084501766,
        0.7665344995012624,
        0.27353830371246635,
        0.3665536929980667,
        0.23312742277490964,
        -0.05260735015123688,
        0.17295966827922177
      ],
      "tendon_lengths": [
        0.10001929320149539,
        0.09999075310556485,
        0.09998995369293977,
        0.099986240435025,
        0.09998421554341663,
        0.10002954402155839,
        0.10003120112730657,
        0.10024374544404684,
        0.09972505342864661
      ],
      "tendon_vel": [
        -0.0001184583430981704,
        6.606329784303167e-05,
        5.239504525511909e-05,
        0.00015572673588100608,
        0.0002363533203093754,
        -0.00039208005619038237,
        -0.00014052767901606467,
        -0.00016244575262583055,
        0.00030297343164189524
      ],
      "tendon_acc": [
        -0.0012397121789799485,
        0.000643820664317812,
        0.0005958915146620429,
        0.0014968769879795177,
        0.0023796334418093577,
        -0.003876510429788878,
        -0.0007683076359091122,
        -0.0019470751775303497,
        0.002715382813439462
      ],
      "clark_coords": [
        4.636102220833025e-23,
        -2.515323269625391e-05,
        -4.923335762048139e-05,
        -3.4426112286664412e-06,
        0.00019028665503158175,
        0.00025146157328358025
      ],
      "base_SE3": [
        [
          0.9993771637428464,
          -0.0002869845781025913,
          -0.035287423101659644,
          0.10463898857422478
        ],
        [
          -0.0016780391039025952,
          0.9984492621262209,
          -0.05564400366949861,
          0.15251569694113246
        ],
        [
          0.03524867052910485,
          0.0556685602423606,
          0.9978269101534962,
          -2.919723934920408
        ],
        [
          0.0,
          0.0,
          0.0,
          1.0
        ]
      ]
    },
    {
      "time": 0.11021463256691587,
      "step": 11,
      "franka_qpos": [
        -0.03029780663609229,
        -1.3879844113808375,
        -0.04042956526004973,
        -2.5075736339678687,
        -0.04891581619391951,
        1.0834413155095202,
        -0.11497617848637266
      ],
      "franka_qvel": [
        0.0016732629321438805,
        0.057402945314975216,
        0.024426517941352553,
        0.014132994287917275,
        0.018506707327699132,
        0.008714139558380473,
        0.011815594213942744
      ],
      "franka_qacc": [
        -0.019021762991728315,
        0.8460816102420056,
        0.29020868451157,
        0.44381567534846456,
        0.2542673954172009,
        -0.09532276630806162,
        0.19426074932591753
      ],
      "tendon_lengths": [
        0.10001804380538194,
        0.0999914472695541,
        0.09999050892506398,
        0.0999878756015685,
        0.09998670323174275,
        0.10002542116668876,
        0.10002975757656879,
        0.10024201852666707,
        0.09972822389676417
      ],
      "tendon_vel": [
        -0.00013096197476375926,
        7.24915490455442e-05,
        5.847042571819464e-05,
        0.00017064176334041794,
        0.0002602252357686613,
        -0.00043086699910908026,
        -0.0001473128070811216,
        -0.00018242280402293643,
        0.0003297356111040581
      ],
      "tendon_acc": [
        -0.0012563036149738148,
        0.0006392778834561034,
        0.0006170257315176484,
        0.0014801464507075335,
        0.002385499719345161,
        -0.003865646170052696,
        -0.0005842425097077715,
        -0.002041484070687256,
        0.002625726580395028
      ],
      "clark_coords": [
        4.636102220833025e-23,
        -2.515323269625391e-05,
        -4.923335762048139e-05,
        -3.4426112286664412e-06,
        0.00019028665503158175,
        0.00025146157328358025
      ],
      "base_SE3": [
        [
          0.9993771637428464,
          -0.0002869845781025913,
          -0.035287423101659644,
          0.10463898857422478
        ],
        [
          -0.0016780391039025952,
          0.9984492621262209,
          -0.05564400366949861,
          0.15251569694113246
        ],
        [
          0.03524867052910485,
          0.0556685602423606,
          0.9978269101534962,
          -2.919723934920408
        ],
        [
          0.0,
          0.0,
          0.0,
          1.0
        ]
      ]
    },
    {
      "time": 0.12023414461845368,
      "step": 12,
      "franka_qpos": [
        -0.030282143012715947,
        -1.3873654057370726,
        -0.04016996656151841,
        -2.507408403174121,
        -0.04871725626544348,
        1.0835230969538128,
        -0.11484766957844321
      ],
      "franka_qvel": [
        0.001438516774864917,
        0.06629716329455429,
        0.027421351570449032,
        0.018984946763665078,
        0.02116519083870331,
        0.007535007852431905,
        0.01387365484705718
      ],
      "franka_qacc": [
        -0.027909545116629082,
        0.929945635200485,
        0.3077142517295708,
        0.5253244054351476,
        0.2765686838259733,
        -0.1404005154217594,
        0.21672453145117537
      ],
      "tendon_lengths": [
        0.10001666828093173,
        0.09999220560881489,
        0.0999911261102534,
        0.0999896593529355,
        0.09998943040393075,
        0.10002091024313377,
        0.10002825545734956,
        0.10024008662095292,
        0.09973165792169753
      ],
      "tendon_vel": [
        -0.00014363632924181113,
        7.887291165986796e-05,
        6.476341758192225e-05,
        0.00018538423376739878,
        0.0002841572294138168,
        -0.00046954146318121655,
        -0.00015220180913165385,
        -0.0002033720545510989,
        0.0003555738636827528
      ],
      "tendon_acc": [
        -0.0012737591145519213,
        0.0006344684249022453,
        0.0006392906896496457,
        0.0014624605282941513,
        0.0023916120882891065,
        -0.003854072616583257,
        -0.00039014700941357233,
        -0.0021409659898342496,
        0.002531112999247822
      ],
      "clark_coords": [
        4.636102220833025e-23,
        -2.515323269625391e-05,
        -4.923335762048139e-05,
        -3.4426112286664412e-06,
        0.00019028665503158175,
        0.00025146157328358025
      ],
      "base_SE3": [
        [
          0.9993771637428464,
          -0.0002869845781025913,
          -0.035287423101659644,
          0.10463898857422478
        ],
        [
          -0.0016780391039025952,
          0.9984492621262209,
          -0.05564400366949861,
          0.15251569694113246
        ],
        [
          0.03524867052910485,
          0.0556685602423606,
          0.9978269101534962,
          -2.919723934920408
        ],
        [
          0.0,
          0.0,
          0.0,
          1.0
        ]
      ]
    },
    {
      "time": 0.13025365666999147,
      "step": 13,
      "franka_qpos": [
        -0.03026929149113388,
        -1.386653486892734,
        -0.039879661384039415,
        -2.507190559825848,
        -0.04849107335440532,
        1.083590730923877,
        -0.11469749638952244
      ],
      "franka_qvel": [
        0.001105849610623141,
        0.07556222449494979,
        0.030399358240093353,
        0.024511495062074,
        0.02389797146055041,
        0.005858181040271838,
        0.016057915371774065
      ],
      "franka_qacc": [
        -0.04024283678427872,
        0.7635581296361562,
        0.22485458464957664,
        0.5243707823882344,
        0.21984717537899795,
        -0.20365130371088272,
        0.18589981566665784
      ],
      "tendon_lengths": [
        0.10001516585141082,
        0.09999302711057757,
        0.09999180703801165,
        0.09999158867060044,
        0.09999239575493034,
        0.10001601557446924,
        0.10002671520330833,
        0.10023794115131368,
        0.09973534364537802
      ],
      "tendon_vel": [
        -0.00015549115849386772,
        8.466203709352577e-05,
        7.082912140032103e-05,
        0.00019867164643361287,
        0.0003061871476616727,
        -0.0005048587940952863,
        -0.00015412192948475035,
        -0.00022389967943231394,
        0.00037802160891706437
      ],
      "tendon_acc": [
        -0.0007800717327684889,
        0.00035170782979869366,
        0.0004283639029698664,
        0.000792681743921737,
        0.0013919058792154421,
        -0.0021845876231371725,
        0.0003053232399374093,
        -0.0015025747086088092,
        0.0011972514686713995
      ],
      "clark_coords": [
        4.636102220833025e-23,
        -2.515323269625391e-05,
        -4.923335762048139e-05,
        -3.4426112286664412e-06,
        0.00019028665503158175,
        0.00025146157328358025
      ],
      "base_SE3": [
        [
          0.9993771637428464,
          -0.0002869845781025913,
          -0.035287423101659644,
          0.10463898857422478
        ],
        [
          -0.0016780391039025952,
          0.9984492621262209,
          -0.05564400366949861,
          0.15251569694113246
        ],
        [
          0.03524867052910485,
          0.0556685602423606,
          0.9978269101534962,
          -2.919723934920408
        ],
        [
          0.0,
          0.0,
          0.0,
          1.0
        ]
      ]
    },
    {
      "time": 0.14027316872152928,
      "step": 14,
      "franka_qpos": [
        -0.030260314091480986,
        -1.385857295107988,
        -0.03956363094649758,
        -2.506917896553113,
        -0.04824038711708533,
        1.083638789733987,
        -0.11452706654608452
      ],
      "franka_qvel": [
        0.0006778966882855427,
        0.08344246188317206,
        0.032699240462972394,
        0.029989521848447023,
        0.02616203506700257,
        0.003693554632329034,
        0.01798218123463047
      ],
      "franka_qacc": [
        -0.04517492704492287,
        0.8093218373705907,
        0.23419450100018868,
        0.5690140241363442,
        0.23205983810300607,
        -0.22838510566358478,
        0.19817863048755466
      ],
      "tendon_lengths": [
        0.10001356859176834,
        0.09999389299196015,
        0.09999253841627154,
        0.09999361888823338,
        0.09999553352046667,
        0.10001084759129997,
        0.10002518808228997,
        0.10023562145477784,
        0.09973919046293223
      ],
      "tendon_vel": [
        -0.00016335439042395485,
        8.817250891410377e-05,
        7.518188150983099e-05,
        0.0002065647880877915,
        0.000320149060824322,
        -0.0005267138489121144,
        -0.0001505303853538078,
        -0.00023922655703545123,
        0.0003897569423892591
      ],
      "tendon_acc": [
        -0.0007894858198968421,
        0.0003490216980654198,
        0.000440464121831513,
        0.0007828855267662123,
        0.001395020167711582,
        -0.0021779056944777877,
        0.000411365825581406,
        -0.0015567066312575512,
        0.0011453408056761446
      ],
      "clark_coords": [
        4.636102220833025e-23,
        -2.515323269625391e-05,
        -4.923335762048139e-05,
        -3.4426112286664412e-06,
        0.00019028665503158175,
        0.00025146157328358025
      ],
      "base_SE3": [
        [
          0.9993771637428464,
          -0.0002869845781025913,
          -0.035287423101659644,
          0.10463898857422478
        ],
        [
          -0.0016780391039025952,
          0.9984492621262209,
          -0.05564400366949861,
          0.15251569694113246
        ],
        [
          0.03524867052910485,
          0.0556685602423606,
          0.9978269101534962,
          -2.919723934920408
        ],
        [
          0.0,
          0.0,
          0.0,
          1.0
        ]
      ]
    },
    {
      "time": 0.1502926807730671,
      "step": 15,
      "franka_qpos": [
        -0.030255871383506782,
        -1.384979861362933,
        -0.039224091493089495,
        -2.5065881153368252,
        -0.047966405821113584,
        1.0836639238670542,
        -0.11433674307404354
      ],
      "franka_qvel": [
        0.00020076682387977385,
        0.0917777035829521,
        0.035091622513984795,
        0.03591169324260557,
        0.028547596049493255,
        0.0012827827440580585,
        0.020028563859026457
      ],
      "franka_qacc": [
        -0.05005347443185289,
        0.8543243243322244,
        0.24330525827347912,
        0.6129718655958614,
        0.24408430971720715,
        -0.2527544596505319,
        0.21026033979825726
      ],
      "tendon_lengths": [
        0.10001189207678501,
        0.0999947939120425,
        0.09999331401117252,
        0.09999572770117161,
        0.09999881133187016,
        0.10000546096695823,
        0.10002370224416819,
        0.10023314548746873,
        0.0997431522683631
      ],
      "tendon_vel": [
        -0.00017131103237355197,
        9.16561689951583e-05,
        7.965486337837459e-05,
        0.0002143602840012445,
        0.0003341415612593395,
        -0.0005485018452605848,
        -0.0001458843002368217,
        -0.0002550913770374056,
        0.0004009756772742273
      ],
      "tendon_acc": [
        -0.00079870473177567,
        0.00034635885036586166,
        0.00045234588140991895,
        0.0007732018740625147,
        0.0013980059097548066,
        -0.0021712077838173137,
        0.000515688504304557,
        -0.0016098845953894732,
        0.0010941960910849156
      ],
      "clark_coords": [
        4.636102220833025e-23,
        -2.515323269625391e-05,
